,Unnamed: 0,label,area,mean_intensity_nuf2_GFP,fname_nuf2_GFP,nuf2_GFP_cyto,nuf2_GFP_bg,mean_intensity_mKate2_astrin,fname_mKate2_astrin,mKate2_astrin_cyto,mKate2_astrin_bg,mKate2_astrin@kt/mKate2_astrin@cyto,nuf2_GFP@kt/nuf2_GFP@cyto,mKate2_astrin@kt/mKate2_astrin@cyto:nuf2_GFP@kt/nuf2_GFP@cyto,condition,cell,Experiment
0,0,0_1,22,16072.772727272728,Expt2020_017_setIII_STLC_GM132_RO3306_mKate2-Astrin_Nuf2-GFP_GFP_timelapse_06_R3D_D3D_Z0_C0_T00.tif,7449.881910157831,5757.4775,6207.954545454545,Expt2020_017_setIII_STLC_GM132_RO3306_mKate2-Astrin_Nuf2-GFP_GFP_timelapse_06_R3D_D3D_Z0_C1_T00.tif,6826.646123134447,5373.4925,0.9093710781955942,2.157453355785101,0.4215020805697431,cdki,set3_timelapse_cdki_cell_4,Expt2020_017_setIII_STLC_GM132_RO3306_mKate2-Astrin_Nuf2-GFP_GFP_timelapse_06_R3D_D3D
1,1,0_2,8,17596.375,Expt2020_017_setIII_STLC_GM132_RO3306_mKate2-Astrin_Nuf2-GFP_GFP_timelapse_06_R3D_D3D_Z0_C0_T00.tif,7449.881910157831,5757.4775,4422.75,Expt2020_017_setIII_STLC_GM132_RO3306_mKate2-Astrin_Nuf2-GFP_GFP_timelapse_06_R3D_D3D_Z0_C1_T00.tif,6826.646123134447,5373.4925,0.6478657191577551,2.361966969705592,0.2742907616690798,cdki,set3_timelapse_cdki_cell_4,Expt2020_017_setIII_STLC_GM132_RO3306_mKate2-Astrin_Nuf2-GFP_GFP_timelapse_06_R3D_D3D
2,2,0_3,8,17465.375,Expt2020_017_setIII_STLC_GM132_RO3306_mKate2-Astrin_Nuf2-GFP_GFP_timelapse_06_R3D_D3D_Z0_C0_T00.tif,7449.881910157831,5757.4775,5796.75,Expt2020_017_setIII_STLC_GM132_RO3306_mKate2-Astrin_Nuf2-GFP_GFP_timelapse_06_R3D_D3D_Z0_C1_T00.tif,6826.646123134447,5373.4925,0.849135856091282,2.3443827983616967,0.3622001734037102,cdki,set3_timelapse_cdki_cell_4,Expt2020_017_setIII_STLC_GM132_RO3306_mKate2-Astrin_Nuf2-GFP_GFP_timelapse_06_R3D_D3D
3,3,0_4,32,15555.4375,Expt2020_017_setIII_STLC_GM132_RO3306_mKate2-Astrin_Nuf2-GFP_GFP_timelapse_06_R3D_D3D_Z0_C0_T00.tif,7449.881910157831,5757.4775,6826.65625,Expt2020_017_setIII_STLC_GM132_RO3306_mKate2-Astrin_Nuf2-GFP_GFP_timelapse_06_R3D_D3D_Z0_C1_T00.tif,6826.646123134447,5373.4925,1.0000014834320352,2.088011284956119,0.4789253250865696,cdki,set3_timelapse_cdki_cell_4,Expt2020_017_setIII_STLC_GM132_RO3306_mKate2-Astrin_Nuf2-GFP_GFP_timelapse_06_R3D_D3D
4,4,0_5,16,15251.6875,Expt2020_017_setIII_STLC_GM132_RO3306_mKate2-Astrin_Nuf2-GFP_GFP_timelapse_06_R3D_D3D_Z0_C0_T00.tif,7449.881910157831,5757.4775,6058.875,Expt2020_017_setIII_STLC_GM132_RO3306_mKate2-Astrin_Nuf2-GFP_GFP_timelapse_06_R3D_D3D_Z0_C1_T00.tif,6826.646123134447,5373.4925,0.8875331884374978,2.047238826591935,0.4335269421960826,cdki,set3_timelapse_cdki_cell_4,Expt2020_017_setIII_STLC_GM132_RO3306_mKate2-Astrin_Nuf2-GFP_GFP_timelapse_06_R3D_D3D
5,5,0_6,26,16649.96153846154,Expt2020_017_setIII_STLC_GM132_RO3306_mKate2-Astrin_Nuf2-GFP_GFP_timelapse_06_R3D_D3D_Z0_C0_T00.tif,7449.881910157831,5757.4775,5435.692307692308,Expt2020_017_setIII_STLC_GM132_RO3306_mKate2-Astrin_Nuf2-GFP_GFP_timelapse_06_R3D_D3D_Z0_C1_T00.tif,6826.646123134447,5373.4925,0.796246386534024,2.2349295920730636,0.35627358882274507,cdki,set3_timelapse_cdki_cell_4,Expt2020_017_setIII_STLC_GM132_RO3306_mKate2-Astrin_Nuf2-GFP_GFP_timelapse_06_R3D_D3D
6,6,0_7,38,15559.368421052632,Expt2020_017_setIII_STLC_GM132_RO3306_mKate2-Astrin_Nuf2-GFP_GFP_timelapse_06_R3D_D3D_Z0_C0_T00.tif,7449.881910157831,5757.4775,4120.184210526316,Expt2020_017_setIII_STLC_GM132_RO3306_mKate2-Astrin_Nuf2-GFP_GFP_timelapse_06_R3D_D3D_Z0_C1_T00.tif,6826.646123134447,5373.4925,0.603544425213964,2.0885389337296214,0.288979255050889,cdki,set3_timelapse_cdki_cell_4,Expt2020_017_setIII_STLC_GM132_RO3306_mKate2-Astrin_Nuf2-GFP_GFP_timelapse_06_R3D_D3D
7,7,0_8,30,17393.2,Expt2020_017_setIII_STLC_GM132_RO3306_mKate2-Astrin_Nuf2-GFP_GFP_timelapse_06_R3D_D3D_Z0_C0_T00.tif,7449.881910157831,5757.4775,7297.266666666666,Expt2020_017_setIII_STLC_GM132_RO3306_mKate2-Astrin_Nuf2-GFP_GFP_timelapse_06_R3D_D3D_Z0_C1_T00.tif,6826.646123134447,5373.4925,1.0689387636393453,2.3346947253331045,0.457849479009224,cdki,set3_timelapse_cdki_cell_4,Expt2020_017_setIII_STLC_GM132_RO3306_mKate2-Astrin_Nuf2-GFP_GFP_timelapse_06_R3D_D3D
8,8,0_9,39,17229.102564102563,Expt2020_017_setIII_STLC_GM132_RO3306_mKate2-Astrin_Nuf2-GFP_GFP_timelapse_06_R3D_D3D_Z0_C0_T00.tif,7449.881910157831,5757.4775,6439.205128205128,Expt2020_017_setIII_STLC_GM132_RO3306_mKate2-Astrin_Nuf2-GFP_GFP_timelapse_06_R3D_D3D_Z0_C1_T00.tif,6826.646123134447,5373.4925,0.9432457772175502,2.3126678747230707,0.4078604574080914,cdki,set3_timelapse_cdki_cell_4,Expt2020_017_setIII_STLC_GM132_RO3306_mKate2-Astrin_Nuf2-GFP_GFP_timelapse_06_R3D_D3D
9,9,0_10,53,19129.69811320755,Expt2020_017_setIII_STLC_GM132_RO3306_mKate2-Astrin_Nuf2-GFP_GFP_timelapse_06_R3D_D3D_Z0_C0_T00.tif,7449.881910157831,5757.4775,6931.150943396226,Expt2020_017_setIII_STLC_GM132_RO3306_mKate2-Astrin_Nuf2-GFP_GFP_timelapse_06_R3D_D3D_Z0_C1_T00.tif,6826.646123134447,5373.4925,1.0153083693481089,2.56778541511167,0.39540234295783405,cdki,set3_timelapse_cdki_cell_4,Expt2020_017_setIII_STLC_GM132_RO3306_mKate2-Astrin_Nuf2-GFP_GFP_timelapse_06_R3D_D3D
10,10,0_11,93,18396.52688172043,Expt2020_017_setIII_STLC_GM132_RO3306_mKate2-Astrin_Nuf2-GFP_GFP_timelapse_06_R3D_D3D_Z0_C0_T00.tif,7449.881910157831,5757.4775,7890.8064516129025,Expt2020_017_setIII_STLC_GM132_RO3306_mKate2-Astrin_Nuf2-GFP_GFP_timelapse_06_R3D_D3D_Z0_C1_T00.tif,6826.646123134447,5373.4925,1.155883329717675,2.469371609318662,0.4680880452969171,cdki,set3_timelapse_cdki_cell_4,Expt2020_017_setIII_STLC_GM132_RO3306_mKate2-Astrin_Nuf2-GFP_GFP_timelapse_06_R3D_D3D
11,11,0_12,28,17059.714285714286,Expt2020_017_setIII_STLC_GM132_RO3306_mKate2-Astrin_Nuf2-GFP_GFP_timelapse_06_R3D_D3D_Z0_C0_T00.tif,7449.881910157831,5757.4775,7025.642857142857,Expt2020_017_setIII_STLC_GM132_RO3306_mKate2-Astrin_Nuf2-GFP_GFP_timelapse_06_R3D_D3D_Z0_C1_T00.tif,6826.646123134447,5373.4925,1.0291499999295468,2.28993083265569,0.44942405475890107,cdki,set3_timelapse_cdki_cell_4,Expt2020_017_setIII_STLC_GM132_RO3306_mKate2-Astrin_Nuf2-GFP_GFP_timelapse_06_R3D_D3D
13,13,0_14,32,17525.59375,Expt2020_017_setIII_STLC_GM132_RO3306_mKate2-Astrin_Nuf2-GFP_GFP_timelapse_06_R3D_D3D_Z0_C0_T00.tif,7449.881910157831,5757.4775,10062.25,Expt2020_017_setIII_STLC_GM132_RO3306_mKate2-Astrin_Nuf2-GFP_GFP_timelapse_06_R3D_D3D_Z0_C1_T00.tif,6826.646123134447,5373.4925,1.473966837961703,2.35246598017937,0.626562445697649,cdki,set3_timelapse_cdki_cell_4,Expt2020_017_setIII_STLC_GM132_RO3306_mKate2-Astrin_Nuf2-GFP_GFP_timelapse_06_R3D_D3D
14,14,0_15,98,20675.367346938776,Expt2020_017_setIII_STLC_GM132_RO3306_mKate2-Astrin_Nuf2-GFP_GFP_timelapse_06_R3D_D3D_Z0_C0_T00.tif,7449.881910157831,5757.4775,8827.142857142857,Expt2020_017_setIII_STLC_GM132_RO3306_mKate2-Astrin_Nuf2-GFP_GFP_timelapse_06_R3D_D3D_Z0_C1_T00.tif,6826.646123134447,5373.4925,1.2930423956251424,2.7752610841721053,0.4659173880971538,cdki,set3_timelapse_cdki_cell_4,Expt2020_017_setIII_STLC_GM132_RO3306_mKate2-Astrin_Nuf2-GFP_GFP_timelapse_06_R3D_D3D
15,15,0_16,41,19655.51219512195,Expt2020_017_setIII_STLC_GM132_RO3306_mKate2-Astrin_Nuf2-GFP_GFP_timelapse_06_R3D_D3D_Z0_C0_T00.tif,7449.881910157831,5757.4775,10084.365853658537,Expt2020_017_setIII_STLC_GM132_RO3306_mKate2-Astrin_Nuf2-GFP_GFP_timelapse_06_R3D_D3D_Z0_C1_T00.tif,6826.646123134447,5373.4925,1.4772064747115252,2.6383656052751494,0.5598945315834917,cdki,set3_timelapse_cdki_cell_4,Expt2020_017_setIII_STLC_GM132_RO3306_mKate2-Astrin_Nuf2-GFP_GFP_timelapse_06_R3D_D3D
16,16,0_17,8,16252.875,Expt2020_017_setIII_STLC_GM132_RO3306_mKate2-Astrin_Nuf2-GFP_GFP_timelapse_06_R3D_D3D_Z0_C0_T00.tif,7449.881910157831,5757.4775,8945.75,Expt2020_017_setIII_STLC_GM132_RO3306_mKate2-Astrin_Nuf2-GFP_GFP_timelapse_06_R3D_D3D_Z0_C1_T00.tif,6826.646123134447,5373.4925,1.3104165411012352,2.1816285406939655,0.6006597899954124,cdki,set3_timelapse_cdki_cell_4,Expt2020_017_setIII_STLC_GM132_RO3306_mKate2-Astrin_Nuf2-GFP_GFP_timelapse_06_R3D_D3D
17,17,0_18,12,17261.75,Expt2020_017_setIII_STLC_GM132_RO3306_mKate2-Astrin_Nuf2-GFP_GFP_timelapse_06_R3D_D3D_Z0_C0_T00.tif,7449.881910157831,5757.4775,9704.083333333334,Expt2020_017_setIII_STLC_GM132_RO3306_mKate2-Astrin_Nuf2-GFP_GFP_timelapse_06_R3D_D3D_Z0_C1_T00.tif,6826.646123134447,5373.4925,1.421500859762995,2.317050150347188,0.6134959398915023,cdki,set3_timelapse_cdki_cell_4,Expt2020_017_setIII_STLC_GM132_RO3306_mKate2-Astrin_Nuf2-GFP_GFP_timelapse_06_R3D_D3D
19,19,0_20,32,17877.8125,Expt2020_017_setIII_STLC_GM132_RO3306_mKate2-Astrin_Nuf2-GFP_GFP_timelapse_06_R3D_D3D_Z0_C0_T00.tif,7449.881910157831,5757.4775,10037.125,Expt2020_017_setIII_STLC_GM132_RO3306_mKate2-Astrin_Nuf2-GFP_GFP_timelapse_06_R3D_D3D_Z0_C1_T00.tif,6826.646123134447,5373.4925,1.4702864069642831,2.399744414152901,0.6126845835302371,cdki,set3_timelapse_cdki_cell_4,Expt2020_017_setIII_STLC_GM132_RO3306_mKate2-Astrin_Nuf2-GFP_GFP_timelapse_06_R3D_D3D
21,21,0_22,36,19508.94444444444,Expt2020_017_setIII_STLC_GM132_RO3306_mKate2-Astrin_Nuf2-GFP_GFP_timelapse_06_R3D_D3D_Z0_C0_T00.tif,7449.881910157831,5757.4775,9620.083333333334,Expt2020_017_setIII_STLC_GM132_RO3306_mKate2-Astrin_Nuf2-GFP_GFP_timelapse_06_R3D_D3D_Z0_C1_T00.tif,6826.646123134447,5373.4925,1.4091961352343079,2.618691769844595,0.5381298217154957,cdki,set3_timelapse_cdki_cell_4,Expt2020_017_setIII_STLC_GM132_RO3306_mKate2-Astrin_Nuf2-GFP_GFP_timelapse_06_R3D_D3D
22,22,0_23,32,22011.03125,Expt2020_017_setIII_STLC_GM132_RO3306_mKate2-Astrin_Nuf2-GFP_GFP_timelapse_06_R3D_D3D_Z0_C0_T00.tif,7449.881910157831,5757.4775,8181.6875,Expt2020_017_setIII_STLC_GM132_RO3306_mKate2-Astrin_Nuf2-GFP_GFP_timelapse_06_R3D_D3D_Z0_C1_T00.tif,6826.646123134447,5373.4925,1.19849298651552,2.9545476714185503,0.40564347568644726,cdki,set3_timelapse_cdki_cell_4,Expt2020_017_setIII_STLC_GM132_RO3306_mKate2-Astrin_Nuf2-GFP_GFP_timelapse_06_R3D_D3D
23,23,0_24,36,20362.416666666668,Expt2020_017_setIII_STLC_GM132_RO3306_mKate2-Astrin_Nuf2-GFP_GFP_timelapse_06_R3D_D3D_Z0_C0_T00.tif,7449.881910157831,5757.4775,6873.5,Expt2020_017_setIII_STLC_GM132_RO3306_mKate2-Astrin_Nuf2-GFP_GFP_timelapse_06_R3D_D3D_Z0_C1_T00.tif,6826.646123134447,5373.4925,1.006863381522996,2.7332536155912406,0.3683753954552796,cdki,set3_timelapse_cdki_cell_4,Expt2020_017_setIII_STLC_GM132_RO3306_mKate2-Astrin_Nuf2-GFP_GFP_timelapse_06_R3D_D3D
25,25,1_1,19,17911.526315789473,Expt2020_017_setIII_STLC_GM132_RO3306_mKate2-Astrin_Nuf2-GFP_GFP_timelapse_06_R3D_D3D_Z0_C0_T01.tif,7517.881026755399,5602.4925,7060.789473684212,Expt2020_017_setIII_STLC_GM132_RO3306_mKate2-Astrin_Nuf2-GFP_GFP_timelapse_06_R3D_D3D_Z0_C1_T01.tif,6753.336742951477,5534.99,1.0455260477057695,2.3825232471815014,0.4388314149474156,cdki,set3_timelapse_cdki_cell_4,Expt2020_017_setIII_STLC_GM132_RO3306_mKate2-Astrin_Nuf2-GFP_GFP_timelapse_06_R3D_D3D
26,26,1_2,8,18300.625,Expt2020_017_setIII_STLC_GM132_RO3306_mKate2-Astrin_Nuf2-GFP_GFP_timelapse_06_R3D_D3D_Z0_C0_T01.tif,7517.881026755399,5602.4925,5100.0,Expt2020_017_setIII_STLC_GM132_RO3306_mKate2-Astrin_Nuf2-GFP_GFP_timelapse_06_R3D_D3D_Z0_C1_T01.tif,6753.336742951477,5534.99,0.7551822445878948,2.434279677327943,0.31022821725104416,cdki,set3_timelapse_cdki_cell_4,Expt2020_017_setIII_STLC_GM132_RO3306_mKate2-Astrin_Nuf2-GFP_GFP_timelapse_06_R3D_D3D
27,27,1_3,21,19311.85714285714,Expt2020_017_setIII_STLC_GM132_RO3306_mKate2-Astrin_Nuf2-GFP_GFP_timelapse_06_R3D_D3D_Z0_C0_T01.tif,7517.881026755399,5602.4925,4768.428571428572,Expt2020_017_setIII_STLC_GM132_RO3306_mKate2-Astrin_Nuf2-GFP_GFP_timelapse_06_R3D_D3D_Z0_C1_T01.tif,6753.336742951477,5534.99,0.7060848219075446,2.5687899388309208,0.27487059616439097,cdki,set3_timelapse_cdki_cell_4,Expt2020_017_setIII_STLC_GM132_RO3306_mKate2-Astrin_Nuf2-GFP_GFP_timelapse_06_R3D_D3D
28,28,1_4,30,20827.83333333333,Expt2020_017_setIII_STLC_GM132_RO3306_mKate2-Astrin_Nuf2-GFP_GFP_timelapse_06_R3D_D3D_Z0_C0_T01.tif,7517.881026755399,5602.4925,7019.4333333333325,Expt2020_017_setIII_STLC_GM132_RO3306_mKate2-Astrin_Nuf2-GFP_GFP_timelapse_06_R3D_D3D_Z0_C1_T01.tif,6753.336742951477,5534.99,1.0394022392944617,2.7704393377880177,0.37517596040357426,cdki,set3_timelapse_cdki_cell_4,Expt2020_017_setIII_STLC_GM132_RO3306_mKate2-Astrin_Nuf2-GFP_GFP_timelapse_06_R3D_D3D
29,29,1_5,12,17485.75,Expt2020_017_setIII_STLC_GM132_RO3306_mKate2-Astrin_Nuf2-GFP_GFP_timelapse_06_R3D_D3D_Z0_C0_T01.tif,7517.881026755399,5602.4925,6172.333333333332,Expt2020_017_setIII_STLC_GM132_RO3306_mKate2-Astrin_Nuf2-GFP_GFP_timelapse_06_R3D_D3D_Z0_C1_T01.tif,6753.336742951477,5534.99,0.9139679492179116,2.3258880976926792,0.39295439454915454,cdki,set3_timelapse_cdki_cell_4,Expt2020_017_setIII_STLC_GM132_RO3306_mKate2-Astrin_Nuf2-GFP_GFP_timelapse_06_R3D_D3D
30,30,1_6,51,20407.568627450983,Expt2020_017_setIII_STLC_GM132_RO3306_mKate2-Astrin_Nuf2-GFP_GFP_timelapse_06_R3D_D3D_Z0_C0_T01.tif,7517.881026755399,5602.4925,6861.686274509803,Expt2020_017_setIII_STLC_GM132_RO3306_mKate2-Astrin_Nuf2-GFP_GFP_timelapse_06_R3D_D3D_Z0_C1_T01.tif,6753.336742951477,5534.99,1.0160438514592673,2.7145373217296807,0.37429724886296745,cdki,set3_timelapse_cdki_cell_4,Expt2020_017_setIII_STLC_GM132_RO3306_mKate2-Astrin_Nuf2-GFP_GFP_timelapse_06_R3D_D3D
31,31,1_7,21,21654.809523809523,Expt2020_017_setIII_STLC_GM132_RO3306_mKate2-Astrin_Nuf2-GFP_GFP_timelapse_06_R3D_D3D_Z0_C0_T01.tif,7517.881026755399,5602.4925,5015.047619047619,Expt2020_017_setIII_STLC_GM132_RO3306_mKate2-Astrin_Nuf2-GFP_GFP_timelapse_06_R3D_D3D_Z0_C1_T01.tif,6753.336742951477,5534.99,0.7426029250328547,2.8804405718502575,0.2578087992129072,cdki,set3_timelapse_cdki_cell_4,Expt2020_017_setIII_STLC_GM132_RO3306_mKate2-Astrin_Nuf2-GFP_GFP_timelapse_06_R3D_D3D
32,32,1_8,16,21515.4375,Expt2020_017_setIII_STLC_GM132_RO3306_mKate2-Astrin_Nuf2-GFP_GFP_timelapse_06_R3D_D3D_Z0_C0_T01.tif,7517.881026755399,5602.4925,7028.5625,Expt2020_017_setIII_STLC_GM132_RO3306_mKate2-Astrin_Nuf2-GFP_GFP_timelapse_06_R3D_D3D_Z0_C1_T01.tif,6753.336742951477,5534.99,1.0407540401914326,2.8619018342307725,0.36365818971955355,cdki,set3_timelapse_cdki_cell_4,Expt2020_017_setIII_STLC_GM132_RO3306_mKate2-Astrin_Nuf2-GFP_GFP_timelapse_06_R3D_D3D
33,33,1_9,26,20075.153846153848,Expt2020_017_setIII_STLC_GM132_RO3306_mKate2-Astrin_Nuf2-GFP_GFP_timelapse_06_R3D_D3D_Z0_C0_T01.tif,7517.881026755399,5602.4925,9845.807692307691,Expt2020_017_setIII_STLC_GM132_RO3306_mKate2-Astrin_Nuf2-GFP_GFP_timelapse_06_R3D_D3D_Z0_C1_T01.tif,6753.336742951477,5534.99,1.457917480952487,2.6703207692045603,0.54597091771367,cdki,set3_timelapse_cdki_cell_4,Expt2020_017_setIII_STLC_GM132_RO3306_mKate2-Astrin_Nuf2-GFP_GFP_timelapse_06_R3D_D3D
34,34,1_10,16,19400.5625,Expt2020_017_setIII_STLC_GM132_RO3306_mKate2-Astrin_Nuf2-GFP_GFP_timelapse_06_R3D_D3D_Z0_C0_T01.tif,7517.881026755399,5602.4925,10442.625,Expt2020_017_setIII_STLC_GM132_RO3306_mKate2-Astrin_Nuf2-GFP_GFP_timelapse_06_R3D_D3D_Z0_C1_T01.tif,6753.336742951477,5534.99,1.5462911738999345,2.5805891887561545,0.5992008261668521,cdki,set3_timelapse_cdki_cell_4,Expt2020_017_setIII_STLC_GM132_RO3306_mKate2-Astrin_Nuf2-GFP_GFP_timelapse_06_R3D_D3D
35,35,1_11,72,24804.63888888889,Expt2020_017_setIII_STLC_GM132_RO3306_mKate2-Astrin_Nuf2-GFP_GFP_timelapse_06_R3D_D3D_Z0_C0_T01.tif,7517.881026755399,5602.4925,8550.736111111111,Expt2020_017_setIII_STLC_GM132_RO3306_mKate2-Astrin_Nuf2-GFP_GFP_timelapse_06_R3D_D3D_Z0_C1_T01.tif,6753.336742951477,5534.99,1.2661498214250306,3.299418918789965,0.3837493366527039,cdki,set3_timelapse_cdki_cell_4,Expt2020_017_setIII_STLC_GM132_RO3306_mKate2-Astrin_Nuf2-GFP_GFP_timelapse_06_R3D_D3D
37,37,1_13,16,21519.125,Expt2020_017_setIII_STLC_GM132_RO3306_mKate2-Astrin_Nuf2-GFP_GFP_timelapse_06_R3D_D3D_Z0_C0_T01.tif,7517.881026755399,5602.4925,9801.0,Expt2020_017_setIII_STLC_GM132_RO3306_mKate2-Astrin_Nuf2-GFP_GFP_timelapse_06_R3D_D3D_Z0_C1_T01.tif,6753.336742951477,5534.99,1.451282584158031,2.8623923314848363,0.5070173533497392,cdki,set3_timelapse_cdki_cell_4,Expt2020_017_setIII_STLC_GM132_RO3306_mKate2-Astrin_Nuf2-GFP_GFP_timelapse_06_R3D_D3D
38,38,1_14,16,20480.375,Expt2020_017_setIII_STLC_GM132_RO3306_mKate2-Astrin_Nuf2-GFP_GFP_timelapse_06_R3D_D3D_Z0_C0_T01.tif,7517.881026755399,5602.4925,8220.9375,Expt2020_017_setIII_STLC_GM132_RO3306_mKate2-Astrin_Nuf2-GFP_GFP_timelapse_06_R3D_D3D_Z0_C1_T01.tif,6753.336742951477,5534.99,1.2173149086013328,2.7242217490689677,0.44684868587418164,cdki,set3_timelapse_cdki_cell_4,Expt2020_017_setIII_STLC_GM132_RO3306_mKate2-Astrin_Nuf2-GFP_GFP_timelapse_06_R3D_D3D
39,39,1_15,26,21457.384615384617,Expt2020_017_setIII_STLC_GM132_RO3306_mKate2-Astrin_Nuf2-GFP_GFP_timelapse_06_R3D_D3D_Z0_C0_T01.tif,7517.881026755399,5602.4925,9480.96153846154,Expt2020_017_setIII_STLC_GM132_RO3306_mKate2-Astrin_Nuf2-GFP_GFP_timelapse_06_R3D_D3D_Z0_C1_T01.tif,6753.336742951477,5534.99,1.4038929049935074,2.8541798598594332,0.49187261277313066,cdki,set3_timelapse_cdki_cell_4,Expt2020_017_setIII_STLC_GM132_RO3306_mKate2-Astrin_Nuf2-GFP_GFP_timelapse_06_R3D_D3D
40,40,1_16,26,22822.615384615387,Expt2020_017_setIII_STLC_GM132_RO3306_mKate2-Astrin_Nuf2-GFP_GFP_timelapse_06_R3D_D3D_Z0_C0_T01.tif,7517.881026755399,5602.4925,8440.576923076924,Expt2020_017_setIII_STLC_GM132_RO3306_mKate2-Astrin_Nuf2-GFP_GFP_timelapse_06_R3D_D3D_Z0_C1_T01.tif,6753.336742951477,5534.99,1.2498380051737292,3.0357776750379455,0.4117027460379183,cdki,set3_timelapse_cdki_cell_4,Expt2020_017_setIII_STLC_GM132_RO3306_mKate2-Astrin_Nuf2-GFP_GFP_timelapse_06_R3D_D3D
41,41,1_17,36,20673.55555555556,Expt2020_017_setIII_STLC_GM132_RO3306_mKate2-Astrin_Nuf2-GFP_GFP_timelapse_06_R3D_D3D_Z0_C0_T01.tif,7517.881026755399,5602.4925,6726.5,Expt2020_017_setIII_STLC_GM132_RO3306_mKate2-Astrin_Nuf2-GFP_GFP_timelapse_06_R3D_D3D_Z0_C1_T01.tif,6753.336742951477,5534.99,0.9960261506314657,2.7499178933505877,0.3622021417584493,cdki,set3_timelapse_cdki_cell_4,Expt2020_017_setIII_STLC_GM132_RO3306_mKate2-Astrin_Nuf2-GFP_GFP_timelapse_06_R3D_D3D
42,42,2_1,18,17353.166666666668,Expt2020_017_setIII_STLC_GM132_RO3306_mKate2-Astrin_Nuf2-GFP_GFP_timelapse_06_R3D_D3D_Z0_C0_T02.tif,7189.19175867508,5522.485,5371.333333333333,Expt2020_017_setIII_STLC_GM132_RO3306_mKate2-Astrin_Nuf2-GFP_GFP_timelapse_06_R3D_D3D_Z0_C1_T02.tif,6452.145639534884,5395.8225,0.8324879247022912,2.4137854781418073,0.3448889440428489,cdki,set3_timelapse_cdki_cell_4,Expt2020_017_setIII_STLC_GM132_RO3306_mKate2-Astrin_Nuf2-GFP_GFP_timelapse_06_R3D_D3D
43,43,2_2,26,18463.19230769231,Expt2020_017_setIII_STLC_GM132_RO3306_mKate2-Astrin_Nuf2-GFP_GFP_timelapse_06_R3D_D3D_Z0_C0_T02.tif,7189.19175867508,5522.485,6049.8076923076915,Expt2020_017_setIII_STLC_GM132_RO3306_mKate2-Astrin_Nuf2-GFP_GFP_timelapse_06_R3D_D3D_Z0_C1_T02.tif,6452.145639534884,5395.8225,0.9376427672738962,2.568187485806465,0.36509903286109063,cdki,set3_timelapse_cdki_cell_4,Expt2020_017_setIII_STLC_GM132_RO3306_mKate2-Astrin_Nuf2-GFP_GFP_timelapse_06_R3D_D3D
44,44,2_3,16,17979.6875,Expt2020_017_setIII_STLC_GM132_RO3306_mKate2-Astrin_Nuf2-GFP_GFP_timelapse_06_R3D_D3D_Z0_C0_T02.tif,7189.19175867508,5522.485,5807.875,Expt2020_017_setIII_STLC_GM132_RO3306_mKate2-Astrin_Nuf2-GFP_GFP_timelapse_06_R3D_D3D_Z0_C1_T02.tif,6452.145639534884,5395.8225,0.9001462962046022,2.5009330817061883,0.35992418301352697,cdki,set3_timelapse_cdki_cell_4,Expt2020_017_setIII_STLC_GM132_RO3306_mKate2-Astrin_Nuf2-GFP_GFP_timelapse_06_R3D_D3D
45,45,2_4,18,15813.0,Expt2020_017_setIII_STLC_GM132_RO3306_mKate2-Astrin_Nuf2-GFP_GFP_timelapse_06_R3D_D3D_Z0_C0_T02.tif,7189.19175867508,5522.485,5525.0,Expt2020_017_setIII_STLC_GM132_RO3306_mKate2-Astrin_Nuf2-GFP_GFP_timelapse_06_R3D_D3D_Z0_C1_T02.tif,6452.145639534884,5395.8225,0.8563042914199129,2.1995518454378007,0.3893085280967648,cdki,set3_timelapse_cdki_cell_4,Expt2020_017_setIII_STLC_GM132_RO3306_mKate2-Astrin_Nuf2-GFP_GFP_timelapse_06_R3D_D3D
46,46,2_5,16,17298.3125,Expt2020_017_setIII_STLC_GM132_RO3306_mKate2-Astrin_Nuf2-GFP_GFP_timelapse_06_R3D_D3D_Z0_C0_T02.tif,7189.19175867508,5522.485,4111.1875,Expt2020_017_setIII_STLC_GM132_RO3306_mKate2-Astrin_Nuf2-GFP_GFP_timelapse_06_R3D_D3D_Z0_C1_T02.tif,6452.145639534884,5395.8225,0.6371814477976295,2.4061553900167443,0.2648130916404345,cdki,set3_timelapse_cdki_cell_4,Expt2020_017_setIII_STLC_GM132_RO3306_mKate2-Astrin_Nuf2-GFP_GFP_timelapse_06_R3D_D3D
47,47,2_6,31,18516.64516129032,Expt2020_017_setIII_STLC_GM132_RO3306_mKate2-Astrin_Nuf2-GFP_GFP_timelapse_06_R3D_D3D_Z0_C0_T02.tif,7189.19175867508,5522.485,6299.548387096775,Expt2020_017_setIII_STLC_GM132_RO3306_mKate2-Astrin_Nuf2-GFP_GFP_timelapse_06_R3D_D3D_Z0_C1_T02.tif,6452.145639534884,5395.8225,0.976349378801513,2.5756226545142,0.37907314454246666,cdki,set3_timelapse_cdki_cell_4,Expt2020_017_setIII_STLC_GM132_RO3306_mKate2-Astrin_Nuf2-GFP_GFP_timelapse_06_R3D_D3D
48,48,2_7,55,18615.636363636364,Expt2020_017_setIII_STLC_GM132_RO3306_mKate2-Astrin_Nuf2-GFP_GFP_timelapse_06_R3D_D3D_Z0_C0_T02.tif,7189.19175867508,5522.485,6546.836363636364,Expt2020_017_setIII_STLC_GM132_RO3306_mKate2-Astrin_Nuf2-GFP_GFP_timelapse_06_R3D_D3D_Z0_C1_T02.tif,6452.145639534884,5395.8225,1.014675850390182,2.5893921025507742,0.3918587105408404,cdki,set3_timelapse_cdki_cell_4,Expt2020_017_setIII_STLC_GM132_RO3306_mKate2-Astrin_Nuf2-GFP_GFP_timelapse_06_R3D_D3D
49,49,2_8,56,18375.51785714286,Expt2020_017_setIII_STLC_GM132_RO3306_mKate2-Astrin_Nuf2-GFP_GFP_timelapse_06_R3D_D3D_Z0_C0_T02.tif,7189.19175867508,5522.485,6009.482142857143,Expt2020_017_setIII_STLC_GM132_RO3306_mKate2-Astrin_Nuf2-GFP_GFP_timelapse_06_R3D_D3D_Z0_C1_T02.tif,6452.145639534884,5395.8225,0.9313928231927432,2.555992171855678,0.36439580427843876,cdki,set3_timelapse_cdki_cell_4,Expt2020_017_setIII_STLC_GM132_RO3306_mKate2-Astrin_Nuf2-GFP_GFP_timelapse_06_R3D_D3D
50,50,2_9,30,17876.533333333333,Expt2020_017_setIII_STLC_GM132_RO3306_mKate2-Astrin_Nuf2-GFP_GFP_timelapse_06_R3D_D3D_Z0_C0_T02.tif,7189.19175867508,5522.485,9096.633333333333,Expt2020_017_setIII_STLC_GM132_RO3306_mKate2-Astrin_Nuf2-GFP_GFP_timelapse_06_R3D_D3D_Z0_C1_T02.tif,6452.145639534884,5395.8225,1.4098617485623097,2.4865845749297217,0.5669872494090239,cdki,set3_timelapse_cdki_cell_4,Expt2020_017_setIII_STLC_GM132_RO3306_mKate2-Astrin_Nuf2-GFP_GFP_timelapse_06_R3D_D3D
51,51,2_10,16,18394.5625,Expt2020_017_setIII_STLC_GM132_RO3306_mKate2-Astrin_Nuf2-GFP_GFP_timelapse_06_R3D_D3D_Z0_C0_T02.tif,7189.19175867508,5522.485,6300.75,Expt2020_017_setIII_STLC_GM132_RO3306_mKate2-Astrin_Nuf2-GFP_GFP_timelapse_06_R3D_D3D_Z0_C1_T02.tif,6452.145639534884,5395.8225,0.9765356134233514,2.5586412377724637,0.38166179728796873,cdki,set3_timelapse_cdki_cell_4,Expt2020_017_setIII_STLC_GM132_RO3306_mKate2-Astrin_Nuf2-GFP_GFP_timelapse_06_R3D_D3D
53,53,2_12,73,23611.39726027397,Expt2020_017_setIII_STLC_GM132_RO3306_mKate2-Astrin_Nuf2-GFP_GFP_timelapse_06_R3D_D3D_Z0_C0_T02.tif,7189.19175867508,5522.485,8595.397260273972,Expt2020_017_setIII_STLC_GM132_RO3306_mKate2-Astrin_Nuf2-GFP_GFP_timelapse_06_R3D_D3D_Z0_C1_T02.tif,6452.145639534884,5395.8225,1.3321765720238126,3.2842909262758897,0.40562075709120843,cdki,set3_timelapse_cdki_cell_4,Expt2020_017_setIII_STLC_GM132_RO3306_mKate2-Astrin_Nuf2-GFP_GFP_timelapse_06_R3D_D3D
54,54,2_13,16,17281.75,Expt2020_017_setIII_STLC_GM132_RO3306_mKate2-Astrin_Nuf2-GFP_GFP_timelapse_06_R3D_D3D_Z0_C0_T02.tif,7189.19175867508,5522.485,10355.0625,Expt2020_017_setIII_STLC_GM132_RO3306_mKate2-Astrin_Nuf2-GFP_GFP_timelapse_06_R3D_D3D_Z0_C1_T02.tif,6452.145639534884,5395.8225,1.6049021641034231,2.4038515844491695,0.6676377919858885,cdki,set3_timelapse_cdki_cell_4,Expt2020_017_setIII_STLC_GM132_RO3306_mKate2-Astrin_Nuf2-GFP_GFP_timelapse_06_R3D_D3D
56,56,2_15,21,19220.666666666668,Expt2020_017_setIII_STLC_GM132_RO3306_mKate2-Astrin_Nuf2-GFP_GFP_timelapse_06_R3D_D3D_Z0_C0_T02.tif,7189.19175867508,5522.485,9229.857142857143,Expt2020_017_setIII_STLC_GM132_RO3306_mKate2-Astrin_Nuf2-GFP_GFP_timelapse_06_R3D_D3D_Z0_C1_T02.tif,6452.145639534884,5395.8225,1.4305097340491055,2.6735504228932836,0.535059941940809,cdki,set3_timelapse_cdki_cell_4,Expt2020_017_setIII_STLC_GM132_RO3306_mKate2-Astrin_Nuf2-GFP_GFP_timelapse_06_R3D_D3D
57,57,2_16,32,19287.34375,Expt2020_017_setIII_STLC_GM132_RO3306_mKate2-Astrin_Nuf2-GFP_GFP_timelapse_06_R3D_D3D_Z0_C0_T02.tif,7189.19175867508,5522.485,8169.5,Expt2020_017_setIII_STLC_GM132_RO3306_mKate2-Astrin_Nuf2-GFP_GFP_timelapse_06_R3D_D3D_Z0_C1_T02.tif,6452.145639534884,5395.8225,1.266167947285969,2.682825051470672,0.47195322952269314,cdki,set3_timelapse_cdki_cell_4,Expt2020_017_setIII_STLC_GM132_RO3306_mKate2-Astrin_Nuf2-GFP_GFP_timelapse_06_R3D_D3D
58,58,2_17,26,21594.153846153848,Expt2020_017_setIII_STLC_GM132_RO3306_mKate2-Astrin_Nuf2-GFP_GFP_timelapse_06_R3D_D3D_Z0_C0_T02.tif,7189.19175867508,5522.485,8888.846153846154,Expt2020_017_setIII_STLC_GM132_RO3306_mKate2-Astrin_Nuf2-GFP_GFP_timelapse_06_R3D_D3D_Z0_C1_T02.tif,6452.145639534884,5395.8225,1.377657394988208,3.0036970178318776,0.4586539144293008,cdki,set3_timelapse_cdki_cell_4,Expt2020_017_setIII_STLC_GM132_RO3306_mKate2-Astrin_Nuf2-GFP_GFP_timelapse_06_R3D_D3D
59,59,2_18,26,19196.153846153848,Expt2020_017_setIII_STLC_GM132_RO3306_mKate2-Astrin_Nuf2-GFP_GFP_timelapse_06_R3D_D3D_Z0_C0_T02.tif,7189.19175867508,5522.485,6540.1923076923085,Expt2020_017_setIII_STLC_GM132_RO3306_mKate2-Astrin_Nuf2-GFP_GFP_timelapse_06_R3D_D3D_Z0_C1_T02.tif,6452.145639534884,5395.8225,1.0136461067490365,2.670140746070678,0.3796227252217683,cdki,set3_timelapse_cdki_cell_4,Expt2020_017_setIII_STLC_GM132_RO3306_mKate2-Astrin_Nuf2-GFP_GFP_timelapse_06_R3D_D3D
60,60,2_19,26,19920.69230769231,Expt2020_017_setIII_STLC_GM132_RO3306_mKate2-Astrin_Nuf2-GFP_GFP_timelapse_06_R3D_D3D_Z0_C0_T02.tif,7189.19175867508,5522.485,7164.538461538462,Expt2020_017_setIII_STLC_GM132_RO3306_mKate2-Astrin_Nuf2-GFP_GFP_timelapse_06_R3D_D3D_Z0_C1_T02.tif,6452.145639534884,5395.8225,1.110411770254915,2.770922375753065,0.400737234637666,cdki,set3_timelapse_cdki_cell_4,Expt2020_017_setIII_STLC_GM132_RO3306_mKate2-Astrin_Nuf2-GFP_GFP_timelapse_06_R3D_D3D
62,62,3_1,28,19048.321428571428,Expt2020_017_setIII_STLC_GM132_RO3306_mKate2-Astrin_Nuf2-GFP_GFP_timelapse_06_R3D_D3D_Z0_C0_T03.tif,7197.9667767693945,5444.6875,6175.285714285716,Expt2020_017_setIII_STLC_GM132_RO3306_mKate2-Astrin_Nuf2-GFP_GFP_timelapse_06_R3D_D3D_Z0_C1_T03.tif,6098.811653343145,5336.44,1.0125391740701897,2.6463475060829236,0.38261761606998174,cdki,set3_timelapse_cdki_cell_4,Expt2020_017_setIII_STLC_GM132_RO3306_mKate2-Astrin_Nuf2-GFP_GFP_timelapse_06_R3D_D3D
63,63,3_2,24,18419.95833333333,Expt2020_017_setIII_STLC_GM132_RO3306_mKate2-Astrin_Nuf2-GFP_GFP_timelapse_06_R3D_D3D_Z0_C0_T03.tif,7197.9667767693945,5444.6875,5811.791666666668,Expt2020_017_setIII_STLC_GM132_RO3306_mKate2-Astrin_Nuf2-GFP_GFP_timelapse_06_R3D_D3D_Z0_C1_T03.tif,6098.811653343145,5336.44,0.9529383750489913,2.559050201896126,0.37237971116897683,cdki,set3_timelapse_cdki_cell_4,Expt2020_017_setIII_STLC_GM132_RO3306_mKate2-Astrin_Nuf2-GFP_GFP_timelapse_06_R3D_D3D
64,64,3_3,16,20402.1875,Expt2020_017_setIII_STLC_GM132_RO3306_mKate2-Astrin_Nuf2-GFP_GFP_timelapse_06_R3D_D3D_Z0_C0_T03.tif,7197.9667767693945,5444.6875,6865.5,Expt2020_017_setIII_STLC_GM132_RO3306_mKate2-Astrin_Nuf2-GFP_GFP_timelapse_06_R3D_D3D_Z0_C1_T03.tif,6098.811653343145,5336.44,1.1257111041028107,2.834437575600613,0.397155017204524,cdki,set3_timelapse_cdki_cell_4,Expt2020_017_setIII_STLC_GM132_RO3306_mKate2-Astrin_Nuf2-GFP_GFP_timelapse_06_R3D_D3D
65,65,3_4,21,18725.04761904762,Expt2020_017_setIII_STLC_GM132_RO3306_mKate2-Astrin_Nuf2-GFP_GFP_timelapse_06_R3D_D3D_Z0_C0_T03.tif,7197.9667767693945,5444.6875,5630.0,Expt2020_017_setIII_STLC_GM132_RO3306_mKate2-Astrin_Nuf2-GFP_GFP_timelapse_06_R3D_D3D_Z0_C1_T03.tif,6098.811653343145,5336.44,0.923130655611219,2.601435683126594,0.35485430664260503,cdki,set3_timelapse_cdki_cell_4,Expt2020_017_setIII_STLC_GM132_RO3306_mKate2-Astrin_Nuf2-GFP_GFP_timelapse_06_R3D_D3D
66,66,3_5,51,20145.33333333333,Expt2020_017_setIII_STLC_GM132_RO3306_mKate2-Astrin_Nuf2-GFP_GFP_timelapse_06_R3D_D3D_Z0_C0_T03.tif,7197.9667767693945,5444.6875,6575.313725490197,Expt2020_017_setIII_STLC_GM132_RO3306_mKate2-Astrin_Nuf2-GFP_GFP_timelapse_06_R3D_D3D_Z0_C1_T03.tif,6098.811653343145,5336.44,1.0781303144336079,2.7987533088302188,0.385218057994625,cdki,set3_timelapse_cdki_cell_4,Expt2020_017_setIII_STLC_GM132_RO3306_mKate2-Astrin_Nuf2-GFP_GFP_timelapse_06_R3D_D3D
67,67,3_6,16,19457.625,Expt2020_017_setIII_STLC_GM132_RO3306_mKate2-Astrin_Nuf2-GFP_GFP_timelapse_06_R3D_D3D_Z0_C0_T03.tif,7197.9667767693945,5444.6875,5294.25,Expt2020_017_setIII_STLC_GM132_RO3306_mKate2-Astrin_Nuf2-GFP_GFP_timelapse_06_R3D_D3D_Z0_C1_T03.tif,6098.811653343145,5336.44,0.8680789473303191,2.7032112822189225,0.3211287822895439,cdki,set3_timelapse_cdki_cell_4,Expt2020_017_setIII_STLC_GM132_RO3306_mKate2-Astrin_Nuf2-GFP_GFP_timelapse_06_R3D_D3D
68,68,3_7,24,18286.666666666668,Expt2020_017_setIII_STLC_GM132_RO3306_mKate2-Astrin_Nuf2-GFP_GFP_timelapse_06_R3D_D3D_Z0_C0_T03.tif,7197.9667767693945,5444.6875,8351.916666666666,Expt2020_017_setIII_STLC_GM132_RO3306_mKate2-Astrin_Nuf2-GFP_GFP_timelapse_06_R3D_D3D_Z0_C1_T03.tif,6098.811653343145,5336.44,1.369433447266477,2.540532241088521,0.5390340752690969,cdki,set3_timelapse_cdki_cell_4,Expt2020_017_setIII_STLC_GM132_RO3306_mKate2-Astrin_Nuf2-GFP_GFP_timelapse_06_R3D_D3D
69,69,3_8,8,20583.625,Expt2020_017_setIII_STLC_GM132_RO3306_mKate2-Astrin_Nuf2-GFP_GFP_timelapse_06_R3D_D3D_Z0_C0_T03.tif,7197.9667767693945,5444.6875,10942.75,Expt2020_017_setIII_STLC_GM132_RO3306_mKate2-Astrin_Nuf2-GFP_GFP_timelapse_06_R3D_D3D_Z0_C1_T03.tif,6098.811653343145,5336.44,1.7942429807619302,2.8596443465717667,0.6274357099381699,cdki,set3_timelapse_cdki_cell_4,Expt2020_017_setIII_STLC_GM132_RO3306_mKate2-Astrin_Nuf2-GFP_GFP_timelapse_06_R3D_D3D
70,70,3_9,67,25004.880597014926,Expt2020_017_setIII_STLC_GM132_RO3306_mKate2-Astrin_Nuf2-GFP_GFP_timelapse_06_R3D_D3D_Z0_C0_T03.tif,7197.9667767693945,5444.6875,7673.179104477612,Expt2020_017_setIII_STLC_GM132_RO3306_mKate2-Astrin_Nuf2-GFP_GFP_timelapse_06_R3D_D3D_Z0_C1_T03.tif,6098.811653343145,5336.44,1.258143313914516,3.473881079545308,0.3621722462874845,cdki,set3_timelapse_cdki_cell_4,Expt2020_017_setIII_STLC_GM132_RO3306_mKate2-Astrin_Nuf2-GFP_GFP_timelapse_06_R3D_D3D
71,71,3_10,12,19726.08333333333,Expt2020_017_setIII_STLC_GM132_RO3306_mKate2-Astrin_Nuf2-GFP_GFP_timelapse_06_R3D_D3D_Z0_C0_T03.tif,7197.9667767693945,5444.6875,7828.833333333332,Expt2020_017_setIII_STLC_GM132_RO3306_mKate2-Astrin_Nuf2-GFP_GFP_timelapse_06_R3D_D3D_Z0_C1_T03.tif,6098.811653343145,5336.44,1.283665372588093,2.740507694061187,0.46840422136739773,cdki,set3_timelapse_cdki_cell_4,Expt2020_017_setIII_STLC_GM132_RO3306_mKate2-Astrin_Nuf2-GFP_GFP_timelapse_06_R3D_D3D
73,73,3_12,26,19182.30769230769,Expt2020_017_setIII_STLC_GM132_RO3306_mKate2-Astrin_Nuf2-GFP_GFP_timelapse_06_R3D_D3D_Z0_C0_T03.tif,7197.9667767693945,5444.6875,8538.038461538461,Expt2020_017_setIII_STLC_GM132_RO3306_mKate2-Astrin_Nuf2-GFP_GFP_timelapse_06_R3D_D3D_Z0_C1_T03.tif,6098.811653343145,5336.44,1.399951162101919,2.664961965956327,0.5253175017075877,cdki,set3_timelapse_cdki_cell_4,Expt2020_017_setIII_STLC_GM132_RO3306_mKate2-Astrin_Nuf2-GFP_GFP_timelapse_06_R3D_D3D
74,74,3_13,36,23811.777777777777,Expt2020_017_setIII_STLC_GM132_RO3306_mKate2-Astrin_Nuf2-GFP_GFP_timelapse_06_R3D_D3D_Z0_C0_T03.tif,7197.9667767693945,5444.6875,8437.583333333334,Expt2020_017_setIII_STLC_GM132_RO3306_mKate2-Astrin_Nuf2-GFP_GFP_timelapse_06_R3D_D3D_Z0_C1_T03.tif,6098.811653343145,5336.44,1.3834798995158606,3.308125546595677,0.41820658860410265,cdki,set3_timelapse_cdki_cell_4,Expt2020_017_setIII_STLC_GM132_RO3306_mKate2-Astrin_Nuf2-GFP_GFP_timelapse_06_R3D_D3D
75,75,3_14,26,21542.26923076923,Expt2020_017_setIII_STLC_GM132_RO3306_mKate2-Astrin_Nuf2-GFP_GFP_timelapse_06_R3D_D3D_Z0_C0_T03.tif,7197.9667767693945,5444.6875,8144.923076923077,Expt2020_017_setIII_STLC_GM132_RO3306_mKate2-Astrin_Nuf2-GFP_GFP_timelapse_06_R3D_D3D_Z0_C1_T03.tif,6098.811653343145,5336.44,1.3354934600182855,2.99282698835099,0.44623142774922836,cdki,set3_timelapse_cdki_cell_4,Expt2020_017_setIII_STLC_GM132_RO3306_mKate2-Astrin_Nuf2-GFP_GFP_timelapse_06_R3D_D3D
76,76,3_15,21,22891.190476190477,Expt2020_017_setIII_STLC_GM132_RO3306_mKate2-Astrin_Nuf2-GFP_GFP_timelapse_06_R3D_D3D_Z0_C0_T03.tif,7197.9667767693945,5444.6875,7654.809523809524,Expt2020_017_setIII_STLC_GM132_RO3306_mKate2-Astrin_Nuf2-GFP_GFP_timelapse_06_R3D_D3D_Z0_C1_T03.tif,6098.811653343145,5336.44,1.2551313204783818,3.1802300824823404,0.3946668284763486,cdki,set3_timelapse_cdki_cell_4,Expt2020_017_setIII_STLC_GM132_RO3306_mKate2-Astrin_Nuf2-GFP_GFP_timelapse_06_R3D_D3D
77,77,4_1,31,17080.8064516129,Expt2020_017_setIII_STLC_GM132_RO3306_mKate2-Astrin_Nuf2-GFP_GFP_timelapse_06_R3D_D3D_Z0_C0_T04.tif,7132.856507181249,5469.595,5742.4838709677415,Expt2020_017_setIII_STLC_GM132_RO3306_mKate2-Astrin_Nuf2-GFP_GFP_timelapse_06_R3D_D3D_Z0_C1_T04.tif,5747.2213709946045,5304.285,0.9991756886117572,2.394665648245722,0.4172506042101246,cdki,set3_timelapse_cdki_cell_4,Expt2020_017_setIII_STLC_GM132_RO3306_mKate2-Astrin_Nuf2-GFP_GFP_timelapse_06_R3D_D3D
78,78,4_2,21,16505.95238095238,Expt2020_017_setIII_STLC_GM132_RO3306_mKate2-Astrin_Nuf2-GFP_GFP_timelapse_06_R3D_D3D_Z0_C0_T04.tif,7132.856507181249,5469.595,5548.2380952380945,Expt2020_017_setIII_STLC_GM132_RO3306_mKate2-Astrin_Nuf2-GFP_GFP_timelapse_06_R3D_D3D_Z0_C1_T04.tif,5747.2213709946045,5304.285,0.965377481932269,2.314073241811951,0.4171767187353004,cdki,set3_timelapse_cdki_cell_4,Expt2020_017_setIII_STLC_GM132_RO3306_mKate2-Astrin_Nuf2-GFP_GFP_timelapse_06_R3D_D3D
79,79,4_3,20,16899.6,Expt2020_017_setIII_STLC_GM132_RO3306_mKate2-Astrin_Nuf2-GFP_GFP_timelapse_06_R3D_D3D_Z0_C0_T04.tif,7132.856507181249,5469.595,5495.4,Expt2020_017_setIII_STLC_GM132_RO3306_mKate2-Astrin_Nuf2-GFP_GFP_timelapse_06_R3D_D3D_Z0_C1_T04.tif,5747.2213709946045,5304.285,0.956183805227077,2.369261176498608,0.40357889400786323,cdki,set3_timelapse_cdki_cell_4,Expt2020_017_setIII_STLC_GM132_RO3306_mKate2-Astrin_Nuf2-GFP_GFP_timelapse_06_R3D_D3D
80,80,4_4,21,16161.333333333336,Expt2020_017_setIII_STLC_GM132_RO3306_mKate2-Astrin_Nuf2-GFP_GFP_timelapse_06_R3D_D3D_Z0_C0_T04.tif,7132.856507181249,5469.595,5653.285714285716,Expt2020_017_setIII_STLC_GM132_RO3306_mKate2-Astrin_Nuf2-GFP_GFP_timelapse_06_R3D_D3D_Z0_C1_T04.tif,5747.2213709946045,5304.285,0.98365546572071,2.265758930810168,0.434139507228593,cdki,set3_timelapse_cdki_cell_4,Expt2020_017_setIII_STLC_GM132_RO3306_mKate2-Astrin_Nuf2-GFP_GFP_timelapse_06_R3D_D3D
81,81,4_5,29,16417.137931034482,Expt2020_017_setIII_STLC_GM132_RO3306_mKate2-Astrin_Nuf2-GFP_GFP_timelapse_06_R3D_D3D_Z0_C0_T04.tif,7132.856507181249,5469.595,6893.379310344828,Expt2020_017_setIII_STLC_GM132_RO3306_mKate2-Astrin_Nuf2-GFP_GFP_timelapse_06_R3D_D3D_Z0_C1_T04.tif,5747.2213709946045,5304.285,1.199428187181847,2.3016217856767427,0.5211230596816674,cdki,set3_timelapse_cdki_cell_4,Expt2020_017_setIII_STLC_GM132_RO3306_mKate2-Astrin_Nuf2-GFP_GFP_timelapse_06_R3D_D3D
82,82,4_6,28,16896.285714285714,Expt2020_017_setIII_STLC_GM132_RO3306_mKate2-Astrin_Nuf2-GFP_GFP_timelapse_06_R3D_D3D_Z0_C0_T04.tif,7132.856507181249,5469.595,4948.964285714285,Expt2020_017_setIII_STLC_GM132_RO3306_mKate2-Astrin_Nuf2-GFP_GFP_timelapse_06_R3D_D3D_Z0_C1_T04.tif,5747.2213709946045,5304.285,0.8611055614963767,2.368796525946484,0.3635202737188711,cdki,set3_timelapse_cdki_cell_4,Expt2020_017_setIII_STLC_GM132_RO3306_mKate2-Astrin_Nuf2-GFP_GFP_timelapse_06_R3D_D3D
83,83,4_7,24,16010.75,Expt2020_017_setIII_STLC_GM132_RO3306_mKate2-Astrin_Nuf2-GFP_GFP_timelapse_06_R3D_D3D_Z0_C0_T04.tif,7132.856507181249,5469.595,5661.666666666668,Expt2020_017_setIII_STLC_GM132_RO3306_mKate2-Astrin_Nuf2-GFP_GFP_timelapse_06_R3D_D3D_Z0_C1_T04.tif,5747.2213709946045,5304.285,0.9851137273466237,2.244647706550752,0.4388723114418712,cdki,set3_timelapse_cdki_cell_4,Expt2020_017_setIII_STLC_GM132_RO3306_mKate2-Astrin_Nuf2-GFP_GFP_timelapse_06_R3D_D3D
84,84,4_8,26,17130.5,Expt2020_017_setIII_STLC_GM132_RO3306_mKate2-Astrin_Nuf2-GFP_GFP_timelapse_06_R3D_D3D_Z0_C0_T04.tif,7132.856507181249,5469.595,4887.884615384615,Expt2020_017_setIII_STLC_GM132_RO3306_mKate2-Astrin_Nuf2-GFP_GFP_timelapse_06_R3D_D3D_Z0_C1_T04.tif,5747.2213709946045,5304.285,0.8504778744130272,2.4016324992313076,0.3541249024091906,cdki,set3_timelapse_cdki_cell_4,Expt2020_017_setIII_STLC_GM132_RO3306_mKate2-Astrin_Nuf2-GFP_GFP_timelapse_06_R3D_D3D
85,85,4_9,61,18799.032786885247,Expt2020_017_setIII_STLC_GM132_RO3306_mKate2-Astrin_Nuf2-GFP_GFP_timelapse_06_R3D_D3D_Z0_C0_T04.tif,7132.856507181249,5469.595,6387.262295081967,Expt2020_017_setIII_STLC_GM132_RO3306_mKate2-Astrin_Nuf2-GFP_GFP_timelapse_06_R3D_D3D_Z0_C1_T04.tif,5747.2213709946045,5304.285,1.1113652811978945,2.6355546011557465,0.4216817518068255,cdki,set3_timelapse_cdki_cell_4,Expt2020_017_setIII_STLC_GM132_RO3306_mKate2-Astrin_Nuf2-GFP_GFP_timelapse_06_R3D_D3D
86,86,4_10,26,16508.73076923077,Expt2020_017_setIII_STLC_GM132_RO3306_mKate2-Astrin_Nuf2-GFP_GFP_timelapse_06_R3D_D3D_Z0_C0_T04.tif,7132.856507181249,5469.595,5206.807692307692,Expt2020_017_setIII_STLC_GM132_RO3306_mKate2-Astrin_Nuf2-GFP_GFP_timelapse_06_R3D_D3D_Z0_C1_T04.tif,5747.2213709946045,5304.285,0.9059695731550725,2.3144627615332,0.3914383883000646,cdki,set3_timelapse_cdki_cell_4,Expt2020_017_setIII_STLC_GM132_RO3306_mKate2-Astrin_Nuf2-GFP_GFP_timelapse_06_R3D_D3D
87,87,4_11,30,18043.13333333333,Expt2020_017_setIII_STLC_GM132_RO3306_mKate2-Astrin_Nuf2-GFP_GFP_timelapse_06_R3D_D3D_Z0_C0_T04.tif,7132.856507181249,5469.595,7528.6,Expt2020_017_setIII_STLC_GM132_RO3306_mKate2-Astrin_Nuf2-GFP_GFP_timelapse_06_R3D_D3D_Z0_C1_T04.tif,5747.2213709946045,5304.285,1.3099547614427653,2.5295803042116134,0.517854586099426,cdki,set3_timelapse_cdki_cell_4,Expt2020_017_setIII_STLC_GM132_RO3306_mKate2-Astrin_Nuf2-GFP_GFP_timelapse_06_R3D_D3D
89,89,4_13,16,17264.8125,Expt2020_017_setIII_STLC_GM132_RO3306_mKate2-Astrin_Nuf2-GFP_GFP_timelapse_06_R3D_D3D_Z0_C0_T04.tif,7132.856507181249,5469.595,8470.6875,Expt2020_017_setIII_STLC_GM132_RO3306_mKate2-Astrin_Nuf2-GFP_GFP_timelapse_06_R3D_D3D_Z0_C1_T04.tif,5747.2213709946045,5304.285,1.473875278713003,2.420462613066456,0.6089229681782886,cdki,set3_timelapse_cdki_cell_4,Expt2020_017_setIII_STLC_GM132_RO3306_mKate2-Astrin_Nuf2-GFP_GFP_timelapse_06_R3D_D3D
90,90,4_14,74,23040.81081081081,Expt2020_017_setIII_STLC_GM132_RO3306_mKate2-Astrin_Nuf2-GFP_GFP_timelapse_06_R3D_D3D_Z0_C0_T04.tif,7132.856507181249,5469.595,7817.851351351353,Expt2020_017_setIII_STLC_GM132_RO3306_mKate2-Astrin_Nuf2-GFP_GFP_timelapse_06_R3D_D3D_Z0_C1_T04.tif,5747.2213709946045,5304.285,1.3602836652172332,3.230236131571367,0.42110966808965616,cdki,set3_timelapse_cdki_cell_4,Expt2020_017_setIII_STLC_GM132_RO3306_mKate2-Astrin_Nuf2-GFP_GFP_timelapse_06_R3D_D3D
91,91,4_15,30,17376.8,Expt2020_017_setIII_STLC_GM132_RO3306_mKate2-Astrin_Nuf2-GFP_GFP_timelapse_06_R3D_D3D_Z0_C0_T04.tif,7132.856507181249,5469.595,7889.0666666666675,Expt2020_017_setIII_STLC_GM132_RO3306_mKate2-Astrin_Nuf2-GFP_GFP_timelapse_06_R3D_D3D_Z0_C1_T04.tif,5747.2213709946045,5304.285,1.3726749253964092,2.4361628447881025,0.5634577870412454,cdki,set3_timelapse_cdki_cell_4,Expt2020_017_setIII_STLC_GM132_RO3306_mKate2-Astrin_Nuf2-GFP_GFP_timelapse_06_R3D_D3D
92,92,4_16,30,17931.266666666666,Expt2020_017_setIII_STLC_GM132_RO3306_mKate2-Astrin_Nuf2-GFP_GFP_timelapse_06_R3D_D3D_Z0_C0_T04.tif,7132.856507181249,5469.595,7074.7,Expt2020_017_setIII_STLC_GM132_RO3306_mKate2-Astrin_Nuf2-GFP_GFP_timelapse_06_R3D_D3D_Z0_C1_T04.tif,5747.2213709946045,5304.285,1.23097746603341,2.51389701287468,0.48966901178889916,cdki,set3_timelapse_cdki_cell_4,Expt2020_017_setIII_STLC_GM132_RO3306_mKate2-Astrin_Nuf2-GFP_GFP_timelapse_06_R3D_D3D
93,93,4_17,32,17634.03125,Expt2020_017_setIII_STLC_GM132_RO3306_mKate2-Astrin_Nuf2-GFP_GFP_timelapse_06_R3D_D3D_Z0_C0_T04.tif,7132.856507181249,5469.595,8776.65625,Expt2020_017_setIII_STLC_GM132_RO3306_mKate2-Astrin_Nuf2-GFP_GFP_timelapse_06_R3D_D3D_Z0_C1_T04.tif,5747.2213709946045,5304.285,1.52711296180351,2.4722257110102146,0.6177077420570521,cdki,set3_timelapse_cdki_cell_4,Expt2020_017_setIII_STLC_GM132_RO3306_mKate2-Astrin_Nuf2-GFP_GFP_timelapse_06_R3D_D3D
95,95,4_19,16,17366.5625,Expt2020_017_setIII_STLC_GM132_RO3306_mKate2-Astrin_Nuf2-GFP_GFP_timelapse_06_R3D_D3D_Z0_C0_T04.tif,7132.856507181249,5469.595,6132.625,Expt2020_017_setIII_STLC_GM132_RO3306_mKate2-Astrin_Nuf2-GFP_GFP_timelapse_06_R3D_D3D_Z0_C1_T04.tif,5747.2213709946045,5304.285,1.0670591237272453,2.4347275852970847,0.4382663301516926,cdki,set3_timelapse_cdki_cell_4,Expt2020_017_setIII_STLC_GM132_RO3306_mKate2-Astrin_Nuf2-GFP_GFP_timelapse_06_R3D_D3D
96,96,4_20,32,19618.25,Expt2020_017_setIII_STLC_GM132_RO3306_mKate2-Astrin_Nuf2-GFP_GFP_timelapse_06_R3D_D3D_Z0_C0_T04.tif,7132.856507181249,5469.595,8283.96875,Expt2020_017_setIII_STLC_GM132_RO3306_mKate2-Astrin_Nuf2-GFP_GFP_timelapse_06_R3D_D3D_Z0_C1_T04.tif,5747.2213709946045,5304.285,1.441386752876441,2.7504058129094076,0.5240633022629222,cdki,set3_timelapse_cdki_cell_4,Expt2020_017_setIII_STLC_GM132_RO3306_mKate2-Astrin_Nuf2-GFP_GFP_timelapse_06_R3D_D3D
97,97,4_21,46,20270.260869565216,Expt2020_017_setIII_STLC_GM132_RO3306_mKate2-Astrin_Nuf2-GFP_GFP_timelapse_06_R3D_D3D_Z0_C0_T04.tif,7132.856507181249,5469.595,7630.5,Expt2020_017_setIII_STLC_GM132_RO3306_mKate2-Astrin_Nuf2-GFP_GFP_timelapse_06_R3D_D3D_Z0_C1_T04.tif,5747.2213709946045,5304.285,1.3276850685637465,2.841815316087942,0.46719611265641453,cdki,set3_timelapse_cdki_cell_4,Expt2020_017_setIII_STLC_GM132_RO3306_mKate2-Astrin_Nuf2-GFP_GFP_timelapse_06_R3D_D3D
98,98,4_22,74,17560.837837837837,Expt2020_017_setIII_STLC_GM132_RO3306_mKate2-Astrin_Nuf2-GFP_GFP_timelapse_06_R3D_D3D_Z0_C0_T04.tif,7132.856507181249,5469.595,6385.662162162162,Expt2020_017_setIII_STLC_GM132_RO3306_mKate2-Astrin_Nuf2-GFP_GFP_timelapse_06_R3D_D3D_Z0_C1_T04.tif,5747.2213709946045,5304.285,1.1110868626689197,2.4619642663718047,0.45130097046710094,cdki,set3_timelapse_cdki_cell_4,Expt2020_017_setIII_STLC_GM132_RO3306_mKate2-Astrin_Nuf2-GFP_GFP_timelapse_06_R3D_D3D
100,100,5_1,33,15286.242424242424,Expt2020_017_setIII_STLC_GM132_RO3306_mKate2-Astrin_Nuf2-GFP_GFP_timelapse_06_R3D_D3D_Z0_C0_T05.tif,7012.101399171585,5397.0325,4581.575757575758,Expt2020_017_setIII_STLC_GM132_RO3306_mKate2-Astrin_Nuf2-GFP_GFP_timelapse_06_R3D_D3D_Z0_C1_T05.tif,5844.750249617254,5254.7175,0.7838787906935433,2.1799802304696208,0.35958068781416275,cdki,set3_timelapse_cdki_cell_4,Expt2020_017_setIII_STLC_GM132_RO3306_mKate2-Astrin_Nuf2-GFP_GFP_timelapse_06_R3D_D3D
101,101,5_2,26,15346.384615384617,Expt2020_017_setIII_STLC_GM132_RO3306_mKate2-Astrin_Nuf2-GFP_GFP_timelapse_06_R3D_D3D_Z0_C0_T05.tif,7012.101399171585,5397.0325,5298.5,Expt2020_017_setIII_STLC_GM132_RO3306_mKate2-Astrin_Nuf2-GFP_GFP_timelapse_06_R3D_D3D_Z0_C1_T05.tif,5844.750249617254,5254.7175,0.906540018599935,2.1885571445383905,0.41421811665381125,cdki,set3_timelapse_cdki_cell_4,Expt2020_017_setIII_STLC_GM132_RO3306_mKate2-Astrin_Nuf2-GFP_GFP_timelapse_06_R3D_D3D
102,102,5_3,24,16568.0,Expt2020_017_setIII_STLC_GM132_RO3306_mKate2-Astrin_Nuf2-GFP_GFP_timelapse_06_R3D_D3D_Z0_C0_T05.tif,7012.101399171585,5397.0325,5383.75,Expt2020_017_setIII_STLC_GM132_RO3306_mKate2-Astrin_Nuf2-GFP_GFP_timelapse_06_R3D_D3D_Z0_C1_T05.tif,5844.750249617254,5254.7175,0.9211257573157309,2.362772449633623,0.38984954198977684,cdki,set3_timelapse_cdki_cell_4,Expt2020_017_setIII_STLC_GM132_RO3306_mKate2-Astrin_Nuf2-GFP_GFP_timelapse_06_R3D_D3D
103,103,5_4,20,16887.05,Expt2020_017_setIII_STLC_GM132_RO3306_mKate2-Astrin_Nuf2-GFP_GFP_timelapse_06_R3D_D3D_Z0_C0_T05.tif,7012.101399171585,5397.0325,5336.25,Expt2020_017_setIII_STLC_GM132_RO3306_mKate2-Astrin_Nuf2-GFP_GFP_timelapse_06_R3D_D3D_Z0_C1_T05.tif,5844.750249617254,5254.7175,0.9129988061251115,2.4082723621188715,0.3791094481198245,cdki,set3_timelapse_cdki_cell_4,Expt2020_017_setIII_STLC_GM132_RO3306_mKate2-Astrin_Nuf2-GFP_GFP_timelapse_06_R3D_D3D
104,104,5_5,30,16730.433333333334,Expt2020_017_setIII_STLC_GM132_RO3306_mKate2-Astrin_Nuf2-GFP_GFP_timelapse_06_R3D_D3D_Z0_C0_T05.tif,7012.101399171585,5397.0325,6272.766666666666,Expt2020_017_setIII_STLC_GM132_RO3306_mKate2-Astrin_Nuf2-GFP_GFP_timelapse_06_R3D_D3D_Z0_C1_T05.tif,5844.750249617254,5254.7175,1.073230916424092,2.3859371650429755,0.4498152475045423,cdki,set3_timelapse_cdki_cell_4,Expt2020_017_setIII_STLC_GM132_RO3306_mKate2-Astrin_Nuf2-GFP_GFP_timelapse_06_R3D_D3D
105,105,5_6,21,15057.666666666664,Expt2020_017_setIII_STLC_GM132_RO3306_mKate2-Astrin_Nuf2-GFP_GFP_timelapse_06_R3D_D3D_Z0_C0_T05.tif,7012.101399171585,5397.0325,5090.809523809524,Expt2020_017_setIII_STLC_GM132_RO3306_mKate2-Astrin_Nuf2-GFP_GFP_timelapse_06_R3D_D3D_Z0_C1_T05.tif,5844.750249617254,5254.7175,0.8710054846471665,2.1473829041384924,0.40561256353887426,cdki,set3_timelapse_cdki_cell_4,Expt2020_017_setIII_STLC_GM132_RO3306_mKate2-Astrin_Nuf2-GFP_GFP_timelapse_06_R3D_D3D
106,106,5_7,32,16013.5,Expt2020_017_setIII_STLC_GM132_RO3306_mKate2-Astrin_Nuf2-GFP_GFP_timelapse_06_R3D_D3D_Z0_C0_T05.tif,7012.101399171585,5397.0325,5183.90625,Expt2020_017_setIII_STLC_GM132_RO3306_mKate2-Astrin_Nuf2-GFP_GFP_timelapse_06_R3D_D3D_Z0_C1_T05.tif,5844.750249617254,5254.7175,0.8869337488525657,2.283694870968615,0.388376643538363,cdki,set3_timelapse_cdki_cell_4,Expt2020_017_setIII_STLC_GM132_RO3306_mKate2-Astrin_Nuf2-GFP_GFP_timelapse_06_R3D_D3D
107,107,5_8,24,15285.75,Expt2020_017_setIII_STLC_GM132_RO3306_mKate2-Astrin_Nuf2-GFP_GFP_timelapse_06_R3D_D3D_Z0_C0_T05.tif,7012.101399171585,5397.0325,4851.833333333333,Expt2020_017_setIII_STLC_GM132_RO3306_mKate2-Astrin_Nuf2-GFP_GFP_timelapse_06_R3D_D3D_Z0_C1_T05.tif,5844.750249617254,5254.7175,0.8301181617898998,2.1799100055520975,0.38080386790080306,cdki,set3_timelapse_cdki_cell_4,Expt2020_017_setIII_STLC_GM132_RO3306_mKate2-Astrin_Nuf2-GFP_GFP_timelapse_06_R3D_D3D
108,108,5_9,29,16431.620689655174,Expt2020_017_setIII_STLC_GM132_RO3306_mKate2-Astrin_Nuf2-GFP_GFP_timelapse_06_R3D_D3D_Z0_C0_T05.tif,7012.101399171585,5397.0325,4587.206896551725,Expt2020_017_setIII_STLC_GM132_RO3306_mKate2-Astrin_Nuf2-GFP_GFP_timelapse_06_R3D_D3D_Z0_C1_T05.tif,5844.750249617254,5254.7175,0.7848422431483911,2.343323314120417,0.33492699808817766,cdki,set3_timelapse_cdki_cell_4,Expt2020_017_setIII_STLC_GM132_RO3306_mKate2-Astrin_Nuf2-GFP_GFP_timelapse_06_R3D_D3D
109,109,5_10,16,16192.5625,Expt2020_017_setIII_STLC_GM132_RO3306_mKate2-Astrin_Nuf2-GFP_GFP_timelapse_06_R3D_D3D_Z0_C0_T05.tif,7012.101399171585,5397.0325,6119.375,Expt2020_017_setIII_STLC_GM132_RO3306_mKate2-Astrin_Nuf2-GFP_GFP_timelapse_06_R3D_D3D_Z0_C1_T05.tif,5844.750249617254,5254.7175,1.046986567202034,2.3092310818427415,0.45339185646442537,cdki,set3_timelapse_cdki_cell_4,Expt2020_017_setIII_STLC_GM132_RO3306_mKate2-Astrin_Nuf2-GFP_GFP_timelapse_06_R3D_D3D
110,110,5_11,73,17937.054794520547,Expt2020_017_setIII_STLC_GM132_RO3306_mKate2-Astrin_Nuf2-GFP_GFP_timelapse_06_R3D_D3D_Z0_C0_T05.tif,7012.101399171585,5397.0325,5923.630136986301,Expt2020_017_setIII_STLC_GM132_RO3306_mKate2-Astrin_Nuf2-GFP_GFP_timelapse_06_R3D_D3D_Z0_C1_T05.tif,5844.750249617254,5254.7175,1.013495852517259,2.558014177695668,0.39620415764475747,cdki,set3_timelapse_cdki_cell_4,Expt2020_017_setIII_STLC_GM132_RO3306_mKate2-Astrin_Nuf2-GFP_GFP_timelapse_06_R3D_D3D
111,111,5_12,20,16104.85,Expt2020_017_setIII_STLC_GM132_RO3306_mKate2-Astrin_Nuf2-GFP_GFP_timelapse_06_R3D_D3D_Z0_C0_T05.tif,7012.101399171585,5397.0325,5284.7,Expt2020_017_setIII_STLC_GM132_RO3306_mKate2-Astrin_Nuf2-GFP_GFP_timelapse_06_R3D_D3D_Z0_C1_T05.tif,5844.750249617254,5254.7175,0.9041789254119235,2.2967223494375935,0.3936822949597425,cdki,set3_timelapse_cdki_cell_4,Expt2020_017_setIII_STLC_GM132_RO3306_mKate2-Astrin_Nuf2-GFP_GFP_timelapse_06_R3D_D3D
112,112,5_13,29,18032.41379310345,Expt2020_017_setIII_STLC_GM132_RO3306_mKate2-Astrin_Nuf2-GFP_GFP_timelapse_06_R3D_D3D_Z0_C0_T05.tif,7012.101399171585,5397.0325,7728.448275862069,Expt2020_017_setIII_STLC_GM132_RO3306_mKate2-Astrin_Nuf2-GFP_GFP_timelapse_06_R3D_D3D_Z0_C1_T05.tif,5844.750249617254,5254.7175,1.3222888824664782,2.57161338186493,0.514186499335898,cdki,set3_timelapse_cdki_cell_4,Expt2020_017_setIII_STLC_GM132_RO3306_mKate2-Astrin_Nuf2-GFP_GFP_timelapse_06_R3D_D3D
113,113,5_14,12,16929.916666666668,Expt2020_017_setIII_STLC_GM132_RO3306_mKate2-Astrin_Nuf2-GFP_GFP_timelapse_06_R3D_D3D_Z0_C0_T05.tif,7012.101399171585,5397.0325,5375.5,Expt2020_017_setIII_STLC_GM132_RO3306_mKate2-Astrin_Nuf2-GFP_GFP_timelapse_06_R3D_D3D_Z0_C1_T05.tif,5844.750249617254,5254.7175,0.9197142342142023,2.414385603246807,0.38093096354509115,cdki,set3_timelapse_cdki_cell_4,Expt2020_017_setIII_STLC_GM132_RO3306_mKate2-Astrin_Nuf2-GFP_GFP_timelapse_06_R3D_D3D
115,115,5_16,14,16208.214285714286,Expt2020_017_setIII_STLC_GM132_RO3306_mKate2-Astrin_Nuf2-GFP_GFP_timelapse_06_R3D_D3D_Z0_C0_T05.tif,7012.101399171585,5397.0325,8928.857142857143,Expt2020_017_setIII_STLC_GM132_RO3306_mKate2-Astrin_Nuf2-GFP_GFP_timelapse_06_R3D_D3D_Z0_C1_T05.tif,5844.750249617254,5254.7175,1.5276712881687038,2.3114631924217663,0.6609109300019318,cdki,set3_timelapse_cdki_cell_4,Expt2020_017_setIII_STLC_GM132_RO3306_mKate2-Astrin_Nuf2-GFP_GFP_timelapse_06_R3D_D3D
116,116,5_17,77,22576.948051948053,Expt2020_017_setIII_STLC_GM132_RO3306_mKate2-Astrin_Nuf2-GFP_GFP_timelapse_06_R3D_D3D_Z0_C0_T05.tif,7012.101399171585,5397.0325,7658.571428571428,Expt2020_017_setIII_STLC_GM132_RO3306_mKate2-Astrin_Nuf2-GFP_GFP_timelapse_06_R3D_D3D_Z0_C1_T05.tif,5844.750249617254,5254.7175,1.3103333934709962,3.2197121471482584,0.4069722178833831,cdki,set3_timelapse_cdki_cell_4,Expt2020_017_setIII_STLC_GM132_RO3306_mKate2-Astrin_Nuf2-GFP_GFP_timelapse_06_R3D_D3D
117,117,5_18,26,16589.53846153846,Expt2020_017_setIII_STLC_GM132_RO3306_mKate2-Astrin_Nuf2-GFP_GFP_timelapse_06_R3D_D3D_Z0_C0_T05.tif,7012.101399171585,5397.0325,7793.3076923076915,Expt2020_017_setIII_STLC_GM132_RO3306_mKate2-Astrin_Nuf2-GFP_GFP_timelapse_06_R3D_D3D_Z0_C1_T05.tif,5844.750249617254,5254.7175,1.3333859206076495,2.3658440625941832,0.5635983967369227,cdki,set3_timelapse_cdki_cell_4,Expt2020_017_setIII_STLC_GM132_RO3306_mKate2-Astrin_Nuf2-GFP_GFP_timelapse_06_R3D_D3D
118,118,5_19,26,16354.807692307693,Expt2020_017_setIII_STLC_GM132_RO3306_mKate2-Astrin_Nuf2-GFP_GFP_timelapse_06_R3D_D3D_Z0_C0_T05.tif,7012.101399171585,5397.0325,8794.653846153846,Expt2020_017_setIII_STLC_GM132_RO3306_mKate2-Astrin_Nuf2-GFP_GFP_timelapse_06_R3D_D3D_Z0_C1_T05.tif,5844.750249617254,5254.7175,1.5047099483386426,2.3323689663472154,0.6451423295582639,cdki,set3_timelapse_cdki_cell_4,Expt2020_017_setIII_STLC_GM132_RO3306_mKate2-Astrin_Nuf2-GFP_GFP_timelapse_06_R3D_D3D
120,120,5_21,12,15764.333333333336,Expt2020_017_setIII_STLC_GM132_RO3306_mKate2-Astrin_Nuf2-GFP_GFP_timelapse_06_R3D_D3D_Z0_C0_T05.tif,7012.101399171585,5397.0325,5630.333333333332,Expt2020_017_setIII_STLC_GM132_RO3306_mKate2-Astrin_Nuf2-GFP_GFP_timelapse_06_R3D_D3D_Z0_C1_T05.tif,5844.750249617254,5254.7175,0.9633146144614199,2.2481610627016524,0.42849003589795687,cdki,set3_timelapse_cdki_cell_4,Expt2020_017_setIII_STLC_GM132_RO3306_mKate2-Astrin_Nuf2-GFP_GFP_timelapse_06_R3D_D3D
121,121,5_22,32,18354.9375,Expt2020_017_setIII_STLC_GM132_RO3306_mKate2-Astrin_Nuf2-GFP_GFP_timelapse_06_R3D_D3D_Z0_C0_T05.tif,7012.101399171585,5397.0325,8043.8125,Expt2020_017_setIII_STLC_GM132_RO3306_mKate2-Astrin_Nuf2-GFP_GFP_timelapse_06_R3D_D3D_Z0_C1_T05.tif,5844.750249617254,5254.7175,1.3762457173472473,2.617608681780966,0.525764499073589,cdki,set3_timelapse_cdki_cell_4,Expt2020_017_setIII_STLC_GM132_RO3306_mKate2-Astrin_Nuf2-GFP_GFP_timelapse_06_R3D_D3D
122,122,5_23,47,18508.59574468085,Expt2020_017_setIII_STLC_GM132_RO3306_mKate2-Astrin_Nuf2-GFP_GFP_timelapse_06_R3D_D3D_Z0_C0_T05.tif,7012.101399171585,5397.0325,6641.085106382979,Expt2020_017_setIII_STLC_GM132_RO3306_mKate2-Astrin_Nuf2-GFP_GFP_timelapse_06_R3D_D3D_Z0_C1_T05.tif,5844.750249617254,5254.7175,1.1362478844699777,2.6395219765172633,0.4304748718058443,cdki,set3_timelapse_cdki_cell_4,Expt2020_017_setIII_STLC_GM132_RO3306_mKate2-Astrin_Nuf2-GFP_GFP_timelapse_06_R3D_D3D
123,123,5_24,69,18164.17391304348,Expt2020_017_setIII_STLC_GM132_RO3306_mKate2-Astrin_Nuf2-GFP_GFP_timelapse_06_R3D_D3D_Z0_C0_T05.tif,7012.101399171585,5397.0325,6318.217391304348,Expt2020_017_setIII_STLC_GM132_RO3306_mKate2-Astrin_Nuf2-GFP_GFP_timelapse_06_R3D_D3D_Z0_C1_T05.tif,5844.750249617254,5254.7175,1.081007249491644,2.590403771854955,0.41731225889836804,cdki,set3_timelapse_cdki_cell_4,Expt2020_017_setIII_STLC_GM132_RO3306_mKate2-Astrin_Nuf2-GFP_GFP_timelapse_06_R3D_D3D
125,125,6_1,26,16371.153846153846,Expt2020_017_setIII_STLC_GM132_RO3306_mKate2-Astrin_Nuf2-GFP_GFP_timelapse_06_R3D_D3D_Z0_C0_T06.tif,7088.26701346665,5347.8,4234.615384615385,Expt2020_017_setIII_STLC_GM132_RO3306_mKate2-Astrin_Nuf2-GFP_GFP_timelapse_06_R3D_D3D_Z0_C1_T06.tif,5317.146354782924,5102.005,0.7964075280354522,2.3096130288335774,0.3448229283836615,cdki,set3_timelapse_cdki_cell_4,Expt2020_017_setIII_STLC_GM132_RO3306_mKate2-Astrin_Nuf2-GFP_GFP_timelapse_06_R3D_D3D
126,126,6_2,16,17232.25,Expt2020_017_setIII_STLC_GM132_RO3306_mKate2-Astrin_Nuf2-GFP_GFP_timelapse_06_R3D_D3D_Z0_C0_T06.tif,7088.26701346665,5347.8,4936.6875,Expt2020_017_setIII_STLC_GM132_RO3306_mKate2-Astrin_Nuf2-GFP_GFP_timelapse_06_R3D_D3D_Z0_C1_T06.tif,5317.146354782924,5102.005,0.9284467965714935,2.4310949301516573,0.3819047890958231,cdki,set3_timelapse_cdki_cell_4,Expt2020_017_setIII_STLC_GM132_RO3306_mKate2-Astrin_Nuf2-GFP_GFP_timelapse_06_R3D_D3D
127,127,6_3,19,15857.0,Expt2020_017_setIII_STLC_GM132_RO3306_mKate2-Astrin_Nuf2-GFP_GFP_timelapse_06_R3D_D3D_Z0_C0_T06.tif,7088.26701346665,5347.8,4172.315789473684,Expt2020_017_setIII_STLC_GM132_RO3306_mKate2-Astrin_Nuf2-GFP_GFP_timelapse_06_R3D_D3D_Z0_C1_T06.tif,5317.146354782924,5102.005,0.7846907929702871,2.237077126168366,0.35076608838886764,cdki,set3_timelapse_cdki_cell_4,Expt2020_017_setIII_STLC_GM132_RO3306_mKate2-Astrin_Nuf2-GFP_GFP_timelapse_06_R3D_D3D
128,128,6_4,16,18600.9375,Expt2020_017_setIII_STLC_GM132_RO3306_mKate2-Astrin_Nuf2-GFP_GFP_timelapse_06_R3D_D3D_Z0_C0_T06.tif,7088.26701346665,5347.8,5712.0625,Expt2020_017_setIII_STLC_GM132_RO3306_mKate2-Astrin_Nuf2-GFP_GFP_timelapse_06_R3D_D3D_Z0_C1_T06.tif,5317.146354782924,5102.005,1.0742721976915,2.6241869084024336,0.4093733545624237,cdki,set3_timelapse_cdki_cell_4,Expt2020_017_setIII_STLC_GM132_RO3306_mKate2-Astrin_Nuf2-GFP_GFP_timelapse_06_R3D_D3D
129,129,6_5,34,17131.58823529412,Expt2020_017_setIII_STLC_GM132_RO3306_mKate2-Astrin_Nuf2-GFP_GFP_timelapse_06_R3D_D3D_Z0_C0_T06.tif,7088.26701346665,5347.8,6757.823529411765,Expt2020_017_setIII_STLC_GM132_RO3306_mKate2-Astrin_Nuf2-GFP_GFP_timelapse_06_R3D_D3D_Z0_C1_T06.tif,5317.146354782924,5102.005,1.270949317265437,2.416893748887656,0.5258606497908214,cdki,set3_timelapse_cdki_cell_4,Expt2020_017_setIII_STLC_GM132_RO3306_mKate2-Astrin_Nuf2-GFP_GFP_timelapse_06_R3D_D3D
130,130,6_6,16,15932.0625,Expt2020_017_setIII_STLC_GM132_RO3306_mKate2-Astrin_Nuf2-GFP_GFP_timelapse_06_R3D_D3D_Z0_C0_T06.tif,7088.26701346665,5347.8,4038.875,Expt2020_017_setIII_STLC_GM132_RO3306_mKate2-Astrin_Nuf2-GFP_GFP_timelapse_06_R3D_D3D_Z0_C1_T06.tif,5317.146354782924,5102.005,0.759594476154849,2.2476668090707443,0.33794798814904825,cdki,set3_timelapse_cdki_cell_4,Expt2020_017_setIII_STLC_GM132_RO3306_mKate2-Astrin_Nuf2-GFP_GFP_timelapse_06_R3D_D3D
131,131,6_7,18,15053.055555555557,Expt2020_017_setIII_STLC_GM132_RO3306_mKate2-Astrin_Nuf2-GFP_GFP_timelapse_06_R3D_D3D_Z0_C0_T06.tif,7088.26701346665,5347.8,4915.38888888889,Expt2020_017_setIII_STLC_GM132_RO3306_mKate2-Astrin_Nuf2-GFP_GFP_timelapse_06_R3D_D3D_Z0_C1_T06.tif,5317.146354782924,5102.005,0.9244411496154056,2.123658085531625,0.43530602026455023,cdki,set3_timelapse_cdki_cell_4,Expt2020_017_setIII_STLC_GM132_RO3306_mKate2-Astrin_Nuf2-GFP_GFP_timelapse_06_R3D_D3D
132,132,6_8,24,18071.75,Expt2020_017_setIII_STLC_GM132_RO3306_mKate2-Astrin_Nuf2-GFP_GFP_timelapse_06_R3D_D3D_Z0_C0_T06.tif,7088.26701346665,5347.8,5421.833333333333,Expt2020_017_setIII_STLC_GM132_RO3306_mKate2-Astrin_Nuf2-GFP_GFP_timelapse_06_R3D_D3D_Z0_C1_T06.tif,5317.146354782924,5102.005,1.019688564422576,2.5495300848100633,0.39995157166327044,cdki,set3_timelapse_cdki_cell_4,Expt2020_017_setIII_STLC_GM132_RO3306_mKate2-Astrin_Nuf2-GFP_GFP_timelapse_06_R3D_D3D
133,133,6_9,29,16049.137931034482,Expt2020_017_setIII_STLC_GM132_RO3306_mKate2-Astrin_Nuf2-GFP_GFP_timelapse_06_R3D_D3D_Z0_C0_T06.tif,7088.26701346665,5347.8,4783.620689655172,Expt2020_017_setIII_STLC_GM132_RO3306_mKate2-Astrin_Nuf2-GFP_GFP_timelapse_06_R3D_D3D_Z0_C1_T06.tif,5317.146354782924,5102.005,0.8996593981943283,2.264183600948372,0.3973438363467956,cdki,set3_timelapse_cdki_cell_4,Expt2020_017_setIII_STLC_GM132_RO3306_mKate2-Astrin_Nuf2-GFP_GFP_timelapse_06_R3D_D3D
134,134,6_10,16,17026.125,Expt2020_017_setIII_STLC_GM132_RO3306_mKate2-Astrin_Nuf2-GFP_GFP_timelapse_06_R3D_D3D_Z0_C0_T06.tif,7088.26701346665,5347.8,6121.6875,Expt2020_017_setIII_STLC_GM132_RO3306_mKate2-Astrin_Nuf2-GFP_GFP_timelapse_06_R3D_D3D_Z0_C1_T06.tif,5317.146354782924,5102.005,1.1513107015558013,2.402015184762778,0.4793103344471589,cdki,set3_timelapse_cdki_cell_4,Expt2020_017_setIII_STLC_GM132_RO3306_mKate2-Astrin_Nuf2-GFP_GFP_timelapse_06_R3D_D3D
135,135,6_11,52,20123.96153846154,Expt2020_017_setIII_STLC_GM132_RO3306_mKate2-Astrin_Nuf2-GFP_GFP_timelapse_06_R3D_D3D_Z0_C0_T06.tif,7088.26701346665,5347.8,5567.1923076923085,Expt2020_017_setIII_STLC_GM132_RO3306_mKate2-Astrin_Nuf2-GFP_GFP_timelapse_06_R3D_D3D_Z0_C1_T06.tif,5317.146354782924,5102.005,1.0470263438741836,2.83905240875224,0.3687942993395991,cdki,set3_timelapse_cdki_cell_4,Expt2020_017_setIII_STLC_GM132_RO3306_mKate2-Astrin_Nuf2-GFP_GFP_timelapse_06_R3D_D3D
136,136,6_12,24,18090.125,Expt2020_017_setIII_STLC_GM132_RO3306_mKate2-Astrin_Nuf2-GFP_GFP_timelapse_06_R3D_D3D_Z0_C0_T06.tif,7088.26701346665,5347.8,6951.833333333332,Expt2020_017_setIII_STLC_GM132_RO3306_mKate2-Astrin_Nuf2-GFP_GFP_timelapse_06_R3D_D3D_Z0_C1_T06.tif,5317.146354782924,5102.005,1.3074368974402897,2.5521223968611033,0.5122939632708554,cdki,set3_timelapse_cdki_cell_4,Expt2020_017_setIII_STLC_GM132_RO3306_mKate2-Astrin_Nuf2-GFP_GFP_timelapse_06_R3D_D3D
138,138,6_14,26,17011.346153846152,Expt2020_017_setIII_STLC_GM132_RO3306_mKate2-Astrin_Nuf2-GFP_GFP_timelapse_06_R3D_D3D_Z0_C0_T06.tif,7088.26701346665,5347.8,8141.1923076923085,Expt2020_017_setIII_STLC_GM132_RO3306_mKate2-Astrin_Nuf2-GFP_GFP_timelapse_06_R3D_D3D_Z0_C1_T06.tif,5317.146354782924,5102.005,1.531120598245161,2.3999302116479435,0.6379854675831582,cdki,set3_timelapse_cdki_cell_4,Expt2020_017_setIII_STLC_GM132_RO3306_mKate2-Astrin_Nuf2-GFP_GFP_timelapse_06_R3D_D3D
139,139,6_15,68,23106.235294117647,Expt2020_017_setIII_STLC_GM132_RO3306_mKate2-Astrin_Nuf2-GFP_GFP_timelapse_06_R3D_D3D_Z0_C0_T06.tif,7088.26701346665,5347.8,7508.058823529412,Expt2020_017_setIII_STLC_GM132_RO3306_mKate2-Astrin_Nuf2-GFP_GFP_timelapse_06_R3D_D3D_Z0_C1_T06.tif,5317.146354782924,5102.005,1.4120466736402129,3.259786242563838,0.43317155438070415,cdki,set3_timelapse_cdki_cell_4,Expt2020_017_setIII_STLC_GM132_RO3306_mKate2-Astrin_Nuf2-GFP_GFP_timelapse_06_R3D_D3D
140,140,6_16,27,17985.11111111111,Expt2020_017_setIII_STLC_GM132_RO3306_mKate2-Astrin_Nuf2-GFP_GFP_timelapse_06_R3D_D3D_Z0_C0_T06.tif,7088.26701346665,5347.8,7307.407407407409,Expt2020_017_setIII_STLC_GM132_RO3306_mKate2-Astrin_Nuf2-GFP_GFP_timelapse_06_R3D_D3D_Z0_C1_T06.tif,5317.146354782924,5102.005,1.3743100001063895,2.537307225721334,0.5416411486061509,cdki,set3_timelapse_cdki_cell_4,Expt2020_017_setIII_STLC_GM132_RO3306_mKate2-Astrin_Nuf2-GFP_GFP_timelapse_06_R3D_D3D
141,141,6_17,29,17134.379310344826,Expt2020_017_setIII_STLC_GM132_RO3306_mKate2-Astrin_Nuf2-GFP_GFP_timelapse_06_R3D_D3D_Z0_C0_T06.tif,7088.26701346665,5347.8,7061.448275862069,Expt2020_017_setIII_STLC_GM132_RO3306_mKate2-Astrin_Nuf2-GFP_GFP_timelapse_06_R3D_D3D_Z0_C1_T06.tif,5317.146354782924,5102.005,1.328052268019686,2.4172875087510195,0.5493977291538121,cdki,set3_timelapse_cdki_cell_4,Expt2020_017_setIII_STLC_GM132_RO3306_mKate2-Astrin_Nuf2-GFP_GFP_timelapse_06_R3D_D3D
142,142,6_18,21,17000.95238095238,Expt2020_017_setIII_STLC_GM132_RO3306_mKate2-Astrin_Nuf2-GFP_GFP_timelapse_06_R3D_D3D_Z0_C0_T06.tif,7088.26701346665,5347.8,8606.190476190477,Expt2020_017_setIII_STLC_GM132_RO3306_mKate2-Astrin_Nuf2-GFP_GFP_timelapse_06_R3D_D3D_Z0_C1_T06.tif,5317.146354782924,5102.005,1.6185731785338133,2.3984638768055873,0.674837421645692,cdki,set3_timelapse_cdki_cell_4,Expt2020_017_setIII_STLC_GM132_RO3306_mKate2-Astrin_Nuf2-GFP_GFP_timelapse_06_R3D_D3D
144,144,6_20,21,20220.85714285714,Expt2020_017_setIII_STLC_GM132_RO3306_mKate2-Astrin_Nuf2-GFP_GFP_timelapse_06_R3D_D3D_Z0_C0_T06.tif,7088.26701346665,5347.8,7792.857142857143,Expt2020_017_setIII_STLC_GM132_RO3306_mKate2-Astrin_Nuf2-GFP_GFP_timelapse_06_R3D_D3D_Z0_C1_T06.tif,5317.146354782924,5102.005,1.4656089230734164,2.8527222668729224,0.51375801286116,cdki,set3_timelapse_cdki_cell_4,Expt2020_017_setIII_STLC_GM132_RO3306_mKate2-Astrin_Nuf2-GFP_GFP_timelapse_06_R3D_D3D
145,145,6_21,42,19465.785714285714,Expt2020_017_setIII_STLC_GM132_RO3306_mKate2-Astrin_Nuf2-GFP_GFP_timelapse_06_R3D_D3D_Z0_C0_T06.tif,7088.26701346665,5347.8,7463.642857142857,Expt2020_017_setIII_STLC_GM132_RO3306_mKate2-Astrin_Nuf2-GFP_GFP_timelapse_06_R3D_D3D_Z0_C1_T06.tif,5317.146354782924,5102.005,1.4036933270473357,2.7461981436793543,0.5111405854956512,cdki,set3_timelapse_cdki_cell_4,Expt2020_017_setIII_STLC_GM132_RO3306_mKate2-Astrin_Nuf2-GFP_GFP_timelapse_06_R3D_D3D
146,146,6_22,32,23302.28125,Expt2020_017_setIII_STLC_GM132_RO3306_mKate2-Astrin_Nuf2-GFP_GFP_timelapse_06_R3D_D3D_Z0_C0_T06.tif,7088.26701346665,5347.8,7747.1875,Expt2020_017_setIII_STLC_GM132_RO3306_mKate2-Astrin_Nuf2-GFP_GFP_timelapse_06_R3D_D3D_Z0_C1_T06.tif,5317.146354782924,5102.005,1.4570197965363854,3.2874440544817434,0.4432074804588821,cdki,set3_timelapse_cdki_cell_4,Expt2020_017_setIII_STLC_GM132_RO3306_mKate2-Astrin_Nuf2-GFP_GFP_timelapse_06_R3D_D3D
147,147,6_23,26,16423.53846153846,Expt2020_017_setIII_STLC_GM132_RO3306_mKate2-Astrin_Nuf2-GFP_GFP_timelapse_06_R3D_D3D_Z0_C0_T06.tif,7088.26701346665,5347.8,5365.461538461538,Expt2020_017_setIII_STLC_GM132_RO3306_mKate2-Astrin_Nuf2-GFP_GFP_timelapse_06_R3D_D3D_Z0_C1_T06.tif,5317.146354782924,5102.005,1.0090866755313501,2.317003356439055,0.43551368742175256,cdki,set3_timelapse_cdki_cell_4,Expt2020_017_setIII_STLC_GM132_RO3306_mKate2-Astrin_Nuf2-GFP_GFP_timelapse_06_R3D_D3D
148,148,7_1,12,18533.33333333333,Expt2020_017_setIII_STLC_GM132_RO3306_mKate2-Astrin_Nuf2-GFP_GFP_timelapse_06_R3D_D3D_Z0_C0_T07.tif,7070.191792332849,5286.7075,4752.5,Expt2020_017_setIII_STLC_GM132_RO3306_mKate2-Astrin_Nuf2-GFP_GFP_timelapse_06_R3D_D3D_Z0_C1_T07.tif,5564.491538749532,4928.675,0.854076238036296,2.621333887070997,0.3258174177081334,cdki,set3_timelapse_cdki_cell_4,Expt2020_017_setIII_STLC_GM132_RO3306_mKate2-Astrin_Nuf2-GFP_GFP_timelapse_06_R3D_D3D
149,149,7_2,8,17320.625,Expt2020_017_setIII_STLC_GM132_RO3306_mKate2-Astrin_Nuf2-GFP_GFP_timelapse_06_R3D_D3D_Z0_C0_T07.tif,7070.191792332849,5286.7075,5702.625,Expt2020_017_setIII_STLC_GM132_RO3306_mKate2-Astrin_Nuf2-GFP_GFP_timelapse_06_R3D_D3D_Z0_C1_T07.tif,5564.491538749532,4928.675,1.0248240940413955,2.449809780094376,0.41832802790178897,cdki,set3_timelapse_cdki_cell_4,Expt2020_017_setIII_STLC_GM132_RO3306_mKate2-Astrin_Nuf2-GFP_GFP_timelapse_06_R3D_D3D
150,150,7_3,12,15892.75,Expt2020_017_setIII_STLC_GM132_RO3306_mKate2-Astrin_Nuf2-GFP_GFP_timelapse_06_R3D_D3D_Z0_C0_T07.tif,7070.191792332849,5286.7075,4137.333333333333,Expt2020_017_setIII_STLC_GM132_RO3306_mKate2-Astrin_Nuf2-GFP_GFP_timelapse_06_R3D_D3D_Z0_C1_T07.tif,5564.491538749532,4928.675,0.7435240586713312,2.247852741029547,0.33077080411005355,cdki,set3_timelapse_cdki_cell_4,Expt2020_017_setIII_STLC_GM132_RO3306_mKate2-Astrin_Nuf2-GFP_GFP_timelapse_06_R3D_D3D
151,151,7_4,21,17503.14285714286,Expt2020_017_setIII_STLC_GM132_RO3306_mKate2-Astrin_Nuf2-GFP_GFP_timelapse_06_R3D_D3D_Z0_C0_T07.tif,7070.191792332849,5286.7075,5236.142857142857,Expt2020_017_setIII_STLC_GM132_RO3306_mKate2-Astrin_Nuf2-GFP_GFP_timelapse_06_R3D_D3D_Z0_C1_T07.tif,5564.491538749532,4928.675,0.9409921500787362,2.4756249011694207,0.3801028781194744,cdki,set3_timelapse_cdki_cell_4,Expt2020_017_setIII_STLC_GM132_RO3306_mKate2-Astrin_Nuf2-GFP_GFP_timelapse_06_R3D_D3D
152,152,7_5,36,18133.83333333333,Expt2020_017_setIII_STLC_GM132_RO3306_mKate2-Astrin_Nuf2-GFP_GFP_timelapse_06_R3D_D3D_Z0_C0_T07.tif,7070.191792332849,5286.7075,6075.38888888889,Expt2020_017_setIII_STLC_GM132_RO3306_mKate2-Astrin_Nuf2-GFP_GFP_timelapse_06_R3D_D3D_Z0_C1_T07.tif,5564.491538749532,4928.675,1.0918138425733266,2.5648290549908785,0.42568678815017924,cdki,set3_timelapse_cdki_cell_4,Expt2020_017_setIII_STLC_GM132_RO3306_mKate2-Astrin_Nuf2-GFP_GFP_timelapse_06_R3D_D3D
153,153,7_6,16,15723.3125,Expt2020_017_setIII_STLC_GM132_RO3306_mKate2-Astrin_Nuf2-GFP_GFP_timelapse_06_R3D_D3D_Z0_C0_T07.tif,7070.191792332849,5286.7075,4295.25,Expt2020_017_setIII_STLC_GM132_RO3306_mKate2-Astrin_Nuf2-GFP_GFP_timelapse_06_R3D_D3D_Z0_C1_T07.tif,5564.491538749532,4928.675,0.7719034111363283,2.223887691003076,0.34709639981332163,cdki,set3_timelapse_cdki_cell_4,Expt2020_017_setIII_STLC_GM132_RO3306_mKate2-Astrin_Nuf2-GFP_GFP_timelapse_06_R3D_D3D
154,154,7_7,16,18865.8125,Expt2020_017_setIII_STLC_GM132_RO3306_mKate2-Astrin_Nuf2-GFP_GFP_timelapse_06_R3D_D3D_Z0_C0_T07.tif,7070.191792332849,5286.7075,5716.25,Expt2020_017_setIII_STLC_GM132_RO3306_mKate2-Astrin_Nuf2-GFP_GFP_timelapse_06_R3D_D3D_Z0_C1_T07.tif,5564.491538749532,4928.675,1.0272726555865286,2.668359367628289,0.3849828730151879,cdki,set3_timelapse_cdki_cell_4,Expt2020_017_setIII_STLC_GM132_RO3306_mKate2-Astrin_Nuf2-GFP_GFP_timelapse_06_R3D_D3D
155,155,7_8,23,16861.391304347828,Expt2020_017_setIII_STLC_GM132_RO3306_mKate2-Astrin_Nuf2-GFP_GFP_timelapse_06_R3D_D3D_Z0_C0_T07.tif,7070.191792332849,5286.7075,4919.95652173913,Expt2020_017_setIII_STLC_GM132_RO3306_mKate2-Astrin_Nuf2-GFP_GFP_timelapse_06_R3D_D3D_Z0_C1_T07.tif,5564.491538749532,4928.675,0.8841700068151701,2.384856281074706,0.37074351768347646,cdki,set3_timelapse_cdki_cell_4,Expt2020_017_setIII_STLC_GM132_RO3306_mKate2-Astrin_Nuf2-GFP_GFP_timelapse_06_R3D_D3D
156,156,7_9,16,16784.875,Expt2020_017_setIII_STLC_GM132_RO3306_mKate2-Astrin_Nuf2-GFP_GFP_timelapse_06_R3D_D3D_Z0_C0_T07.tif,7070.191792332849,5286.7075,4724.375,Expt2020_017_setIII_STLC_GM132_RO3306_mKate2-Astrin_Nuf2-GFP_GFP_timelapse_06_R3D_D3D_Z0_C1_T07.tif,5564.491538749532,4928.675,0.8490218678743242,2.374033900777922,0.35762836731022135,cdki,set3_timelapse_cdki_cell_4,Expt2020_017_setIII_STLC_GM132_RO3306_mKate2-Astrin_Nuf2-GFP_GFP_timelapse_06_R3D_D3D
157,157,7_10,21,18539.33333333333,Expt2020_017_setIII_STLC_GM132_RO3306_mKate2-Astrin_Nuf2-GFP_GFP_timelapse_06_R3D_D3D_Z0_C0_T07.tif,7070.191792332849,5286.7075,5751.2380952380945,Expt2020_017_setIII_STLC_GM132_RO3306_mKate2-Astrin_Nuf2-GFP_GFP_timelapse_06_R3D_D3D_Z0_C1_T07.tif,5564.491538749532,4928.675,1.0335603990388182,2.62218252034379,0.3941603572673156,cdki,set3_timelapse_cdki_cell_4,Expt2020_017_setIII_STLC_GM132_RO3306_mKate2-Astrin_Nuf2-GFP_GFP_timelapse_06_R3D_D3D
158,158,7_11,52,18478.17307692308,Expt2020_017_setIII_STLC_GM132_RO3306_mKate2-Astrin_Nuf2-GFP_GFP_timelapse_06_R3D_D3D_Z0_C0_T07.tif,7070.191792332849,5286.7075,5069.269230769231,Expt2020_017_setIII_STLC_GM132_RO3306_mKate2-Astrin_Nuf2-GFP_GFP_timelapse_06_R3D_D3D_Z0_C1_T07.tif,5564.491538749532,4928.675,0.9110031339733894,2.613532082250078,0.3485716284718709,cdki,set3_timelapse_cdki_cell_4,Expt2020_017_setIII_STLC_GM132_RO3306_mKate2-Astrin_Nuf2-GFP_GFP_timelapse_06_R3D_D3D
159,159,7_12,12,17327.083333333332,Expt2020_017_setIII_STLC_GM132_RO3306_mKate2-Astrin_Nuf2-GFP_GFP_timelapse_06_R3D_D3D_Z0_C0_T07.tif,7070.191792332849,5286.7075,5261.75,Expt2020_017_setIII_STLC_GM132_RO3306_mKate2-Astrin_Nuf2-GFP_GFP_timelapse_06_R3D_D3D_Z0_C1_T07.tif,5564.491538749532,4928.675,0.9455940337690647,2.4507232395199514,0.38584284774411653,cdki,set3_timelapse_cdki_cell_4,Expt2020_017_setIII_STLC_GM132_RO3306_mKate2-Astrin_Nuf2-GFP_GFP_timelapse_06_R3D_D3D
160,160,7_13,12,18022.0,Expt2020_017_setIII_STLC_GM132_RO3306_mKate2-Astrin_Nuf2-GFP_GFP_timelapse_06_R3D_D3D_Z0_C0_T07.tif,7070.191792332849,5286.7075,7467.25,Expt2020_017_setIII_STLC_GM132_RO3306_mKate2-Astrin_Nuf2-GFP_GFP_timelapse_06_R3D_D3D_Z0_C1_T07.tif,5564.491538749532,4928.675,1.3419465099371974,2.549011473711881,0.5264576184833917,cdki,set3_timelapse_cdki_cell_4,Expt2020_017_setIII_STLC_GM132_RO3306_mKate2-Astrin_Nuf2-GFP_GFP_timelapse_06_R3D_D3D
162,162,7_15,24,17442.875,Expt2020_017_setIII_STLC_GM132_RO3306_mKate2-Astrin_Nuf2-GFP_GFP_timelapse_06_R3D_D3D_Z0_C0_T07.tif,7070.191792332849,5286.7075,7404.833333333332,Expt2020_017_setIII_STLC_GM132_RO3306_mKate2-Astrin_Nuf2-GFP_GFP_timelapse_06_R3D_D3D_Z0_C1_T07.tif,5564.491538749532,4928.675,1.3307295521555176,2.4671006830275286,0.5393900465069382,cdki,set3_timelapse_cdki_cell_4,Expt2020_017_setIII_STLC_GM132_RO3306_mKate2-Astrin_Nuf2-GFP_GFP_timelapse_06_R3D_D3D
163,163,7_16,74,22086.33783783784,Expt2020_017_setIII_STLC_GM132_RO3306_mKate2-Astrin_Nuf2-GFP_GFP_timelapse_06_R3D_D3D_Z0_C0_T07.tif,7070.191792332849,5286.7075,6937.445945945946,Expt2020_017_setIII_STLC_GM132_RO3306_mKate2-Astrin_Nuf2-GFP_GFP_timelapse_06_R3D_D3D_Z0_C1_T07.tif,5564.491538749532,4928.675,1.24673492584822,3.123866860555183,0.3990998917369502,cdki,set3_timelapse_cdki_cell_4,Expt2020_017_setIII_STLC_GM132_RO3306_mKate2-Astrin_Nuf2-GFP_GFP_timelapse_06_R3D_D3D
164,164,7_17,12,18124.0,Expt2020_017_setIII_STLC_GM132_RO3306_mKate2-Astrin_Nuf2-GFP_GFP_timelapse_06_R3D_D3D_Z0_C0_T07.tif,7070.191792332849,5286.7075,8564.666666666666,Expt2020_017_setIII_STLC_GM132_RO3306_mKate2-Astrin_Nuf2-GFP_GFP_timelapse_06_R3D_D3D_Z0_C1_T07.tif,5564.491538749532,4928.675,1.539164289679438,2.5634382393493578,0.6004296362802573,cdki,set3_timelapse_cdki_cell_4,Expt2020_017_setIII_STLC_GM132_RO3306_mKate2-Astrin_Nuf2-GFP_GFP_timelapse_06_R3D_D3D
165,165,7_18,26,19331.57692307692,Expt2020_017_setIII_STLC_GM132_RO3306_mKate2-Astrin_Nuf2-GFP_GFP_timelapse_06_R3D_D3D_Z0_C0_T07.tif,7070.191792332849,5286.7075,7989.884615384615,Expt2020_017_setIII_STLC_GM132_RO3306_mKate2-Astrin_Nuf2-GFP_GFP_timelapse_06_R3D_D3D_Z0_C1_T07.tif,5564.491538749532,4928.675,1.435869667470125,2.734236565412656,0.5251446365810052,cdki,set3_timelapse_cdki_cell_4,Expt2020_017_setIII_STLC_GM132_RO3306_mKate2-Astrin_Nuf2-GFP_GFP_timelapse_06_R3D_D3D
167,167,7_20,43,19118.79069767442,Expt2020_017_setIII_STLC_GM132_RO3306_mKate2-Astrin_Nuf2-GFP_GFP_timelapse_06_R3D_D3D_Z0_C0_T07.tif,7070.191792332849,5286.7075,7440.86046511628,Expt2020_017_setIII_STLC_GM132_RO3306_mKate2-Astrin_Nuf2-GFP_GFP_timelapse_06_R3D_D3D_Z0_C1_T07.tif,5564.491538749532,4928.675,1.3372040218410342,2.7041403202678986,0.4945024530785287,cdki,set3_timelapse_cdki_cell_4,Expt2020_017_setIII_STLC_GM132_RO3306_mKate2-Astrin_Nuf2-GFP_GFP_timelapse_06_R3D_D3D
168,168,7_21,34,22891.70588235294,Expt2020_017_setIII_STLC_GM132_RO3306_mKate2-Astrin_Nuf2-GFP_GFP_timelapse_06_R3D_D3D_Z0_C0_T07.tif,7070.191792332849,5286.7075,6518.441176470588,Expt2020_017_setIII_STLC_GM132_RO3306_mKate2-Astrin_Nuf2-GFP_GFP_timelapse_06_R3D_D3D_Z0_C1_T07.tif,5564.491538749532,4928.675,1.1714351852416385,3.2377772137917766,0.3618022822113091,cdki,set3_timelapse_cdki_cell_4,Expt2020_017_setIII_STLC_GM132_RO3306_mKate2-Astrin_Nuf2-GFP_GFP_timelapse_06_R3D_D3D
169,169,7_22,16,21668.1875,Expt2020_017_setIII_STLC_GM132_RO3306_mKate2-Astrin_Nuf2-GFP_GFP_timelapse_06_R3D_D3D_Z0_C0_T07.tif,7070.191792332849,5286.7075,5163.5,Expt2020_017_setIII_STLC_GM132_RO3306_mKate2-Astrin_Nuf2-GFP_GFP_timelapse_06_R3D_D3D_Z0_C1_T07.tif,5564.491538749532,4928.675,0.9279374340032434,3.0647241456020615,0.3027800839220233,cdki,set3_timelapse_cdki_cell_4,Expt2020_017_setIII_STLC_GM132_RO3306_mKate2-Astrin_Nuf2-GFP_GFP_timelapse_06_R3D_D3D
170,170,8_1,8,16792.125,Expt2020_017_setIII_STLC_GM132_RO3306_mKate2-Astrin_Nuf2-GFP_GFP_timelapse_06_R3D_D3D_Z0_C0_T08.tif,6866.044881687242,5231.375,3903.5,Expt2020_017_setIII_STLC_GM132_RO3306_mKate2-Astrin_Nuf2-GFP_GFP_timelapse_06_R3D_D3D_Z0_C1_T08.tif,5168.02649608925,4965.3375,0.7553173349544274,2.445676556060256,0.3088377868622044,cdki,set3_timelapse_cdki_cell_4,Expt2020_017_setIII_STLC_GM132_RO3306_mKate2-Astrin_Nuf2-GFP_GFP_timelapse_06_R3D_D3D
171,171,8_2,26,19767.73076923077,Expt2020_017_setIII_STLC_GM132_RO3306_mKate2-Astrin_Nuf2-GFP_GFP_timelapse_06_R3D_D3D_Z0_C0_T08.tif,6866.044881687242,5231.375,6086.73076923077,Expt2020_017_setIII_STLC_GM132_RO3306_mKate2-Astrin_Nuf2-GFP_GFP_timelapse_06_R3D_D3D_Z0_C1_T08.tif,5168.02649608925,4965.3375,1.1777669433074158,2.8790564451383407,0.4090808797084294,cdki,set3_timelapse_cdki_cell_4,Expt2020_017_setIII_STLC_GM132_RO3306_mKate2-Astrin_Nuf2-GFP_GFP_timelapse_06_R3D_D3D
172,172,8_3,20,17493.75,Expt2020_017_setIII_STLC_GM132_RO3306_mKate2-Astrin_Nuf2-GFP_GFP_timelapse_06_R3D_D3D_Z0_C0_T08.tif,6866.044881687242,5231.375,4940.95,Expt2020_017_setIII_STLC_GM132_RO3306_mKate2-Astrin_Nuf2-GFP_GFP_timelapse_06_R3D_D3D_Z0_C1_T08.tif,5168.02649608925,4965.3375,0.9560612747900802,2.547864207334039,0.3752402785195747,cdki,set3_timelapse_cdki_cell_4,Expt2020_017_setIII_STLC_GM132_RO3306_mKate2-Astrin_Nuf2-GFP_GFP_timelapse_06_R3D_D3D
173,173,8_4,24,15835.666666666664,Expt2020_017_setIII_STLC_GM132_RO3306_mKate2-Astrin_Nuf2-GFP_GFP_timelapse_06_R3D_D3D_Z0_C0_T08.tif,6866.044881687242,5231.375,4903.833333333333,Expt2020_017_setIII_STLC_GM132_RO3306_mKate2-Astrin_Nuf2-GFP_GFP_timelapse_06_R3D_D3D_Z0_C1_T08.tif,5168.02649608925,4965.3375,0.9488792940678927,2.306373893491831,0.41141607470733954,cdki,set3_timelapse_cdki_cell_4,Expt2020_017_setIII_STLC_GM132_RO3306_mKate2-Astrin_Nuf2-GFP_GFP_timelapse_06_R3D_D3D
174,174,8_5,26,17973.26923076923,Expt2020_017_setIII_STLC_GM132_RO3306_mKate2-Astrin_Nuf2-GFP_GFP_timelapse_06_R3D_D3D_Z0_C0_T08.tif,6866.044881687242,5231.375,6247.884615384615,Expt2020_017_setIII_STLC_GM132_RO3306_mKate2-Astrin_Nuf2-GFP_GFP_timelapse_06_R3D_D3D_Z0_C1_T08.tif,5168.02649608925,4965.3375,1.2089498032009929,2.6177034290449512,0.46183604673737577,cdki,set3_timelapse_cdki_cell_4,Expt2020_017_setIII_STLC_GM132_RO3306_mKate2-Astrin_Nuf2-GFP_GFP_timelapse_06_R3D_D3D
175,175,8_6,16,15080.4375,Expt2020_017_setIII_STLC_GM132_RO3306_mKate2-Astrin_Nuf2-GFP_GFP_timelapse_06_R3D_D3D_Z0_C0_T08.tif,6866.044881687242,5231.375,4551.125,Expt2020_017_setIII_STLC_GM132_RO3306_mKate2-Astrin_Nuf2-GFP_GFP_timelapse_06_R3D_D3D_Z0_C1_T08.tif,5168.02649608925,4965.3375,0.8806311274611166,2.196379103233327,0.4009467792535107,cdki,set3_timelapse_cdki_cell_4,Expt2020_017_setIII_STLC_GM132_RO3306_mKate2-Astrin_Nuf2-GFP_GFP_timelapse_06_R3D_D3D
176,176,8_7,29,17144.310344827587,Expt2020_017_setIII_STLC_GM132_RO3306_mKate2-Astrin_Nuf2-GFP_GFP_timelapse_06_R3D_D3D_Z0_C0_T08.tif,6866.044881687242,5231.375,4643.5862068965525,Expt2020_017_setIII_STLC_GM132_RO3306_mKate2-Astrin_Nuf2-GFP_GFP_timelapse_06_R3D_D3D_Z0_C1_T08.tif,5168.02649608925,4965.3375,0.898522136140449,2.4969703286609732,0.35984493921571387,cdki,set3_timelapse_cdki_cell_4,Expt2020_017_setIII_STLC_GM132_RO3306_mKate2-Astrin_Nuf2-GFP_GFP_timelapse_06_R3D_D3D
177,177,8_8,24,15351.208333333336,Expt2020_017_setIII_STLC_GM132_RO3306_mKate2-Astrin_Nuf2-GFP_GFP_timelapse_06_R3D_D3D_Z0_C0_T08.tif,6866.044881687242,5231.375,4659.625,Expt2020_017_setIII_STLC_GM132_RO3306_mKate2-Astrin_Nuf2-GFP_GFP_timelapse_06_R3D_D3D_Z0_C1_T08.tif,5168.02649608925,4965.3375,0.9016256018667923,2.2358153198615525,0.4032647928732429,cdki,set3_timelapse_cdki_cell_4,Expt2020_017_setIII_STLC_GM132_RO3306_mKate2-Astrin_Nuf2-GFP_GFP_timelapse_06_R3D_D3D
178,178,8_9,17,15771.823529411766,Expt2020_017_setIII_STLC_GM132_RO3306_mKate2-Astrin_Nuf2-GFP_GFP_timelapse_06_R3D_D3D_Z0_C0_T08.tif,6866.044881687242,5231.375,4461.705882352941,Expt2020_017_setIII_STLC_GM132_RO3306_mKate2-Astrin_Nuf2-GFP_GFP_timelapse_06_R3D_D3D_Z0_C1_T08.tif,5168.02649608925,4965.3375,0.8633287553245333,2.2970755072512783,0.3758382136761399,cdki,set3_timelapse_cdki_cell_4,Expt2020_017_setIII_STLC_GM132_RO3306_mKate2-Astrin_Nuf2-GFP_GFP_timelapse_06_R3D_D3D
179,179,8_10,8,17834.0,Expt2020_017_setIII_STLC_GM132_RO3306_mKate2-Astrin_Nuf2-GFP_GFP_timelapse_06_R3D_D3D_Z0_C0_T08.tif,6866.044881687242,5231.375,8393.5,Expt2020_017_setIII_STLC_GM132_RO3306_mKate2-Astrin_Nuf2-GFP_GFP_timelapse_06_R3D_D3D_Z0_C1_T08.tif,5168.02649608925,4965.3375,1.6241209301754802,2.597419665514555,0.6252824492470831,cdki,set3_timelapse_cdki_cell_4,Expt2020_017_setIII_STLC_GM132_RO3306_mKate2-Astrin_Nuf2-GFP_GFP_timelapse_06_R3D_D3D
180,180,8_11,28,16895.35714285714,Expt2020_017_setIII_STLC_GM132_RO3306_mKate2-Astrin_Nuf2-GFP_GFP_timelapse_06_R3D_D3D_Z0_C0_T08.tif,6866.044881687242,5231.375,4785.642857142857,Expt2020_017_setIII_STLC_GM132_RO3306_mKate2-Astrin_Nuf2-GFP_GFP_timelapse_06_R3D_D3D_Z0_C1_T08.tif,5168.02649608925,4965.3375,0.9260097371335556,2.4607117247251846,0.37631784651124606,cdki,set3_timelapse_cdki_cell_4,Expt2020_017_setIII_STLC_GM132_RO3306_mKate2-Astrin_Nuf2-GFP_GFP_timelapse_06_R3D_D3D
181,181,8_12,63,17920.44444444444,Expt2020_017_setIII_STLC_GM132_RO3306_mKate2-Astrin_Nuf2-GFP_GFP_timelapse_06_R3D_D3D_Z0_C0_T08.tif,6866.044881687242,5231.375,5086.88888888889,Expt2020_017_setIII_STLC_GM132_RO3306_mKate2-Astrin_Nuf2-GFP_GFP_timelapse_06_R3D_D3D_Z0_C1_T08.tif,5168.02649608925,4965.3375,0.9843000790994862,2.610009802330439,0.3771250507261004,cdki,set3_timelapse_cdki_cell_4,Expt2020_017_setIII_STLC_GM132_RO3306_mKate2-Astrin_Nuf2-GFP_GFP_timelapse_06_R3D_D3D
182,182,8_13,12,17368.083333333332,Expt2020_017_setIII_STLC_GM132_RO3306_mKate2-Astrin_Nuf2-GFP_GFP_timelapse_06_R3D_D3D_Z0_C0_T08.tif,6866.044881687242,5231.375,4976.416666666667,Expt2020_017_setIII_STLC_GM132_RO3306_mKate2-Astrin_Nuf2-GFP_GFP_timelapse_06_R3D_D3D_Z0_C1_T08.tif,5168.02649608925,4965.3375,0.9629239847033334,2.5295615791351116,0.38066833108390624,cdki,set3_timelapse_cdki_cell_4,Expt2020_017_setIII_STLC_GM132_RO3306_mKate2-Astrin_Nuf2-GFP_GFP_timelapse_06_R3D_D3D
183,183,8_14,24,16243.833333333336,Expt2020_017_setIII_STLC_GM132_RO3306_mKate2-Astrin_Nuf2-GFP_GFP_timelapse_06_R3D_D3D_Z0_C0_T08.tif,6866.044881687242,5231.375,6643.875,Expt2020_017_setIII_STLC_GM132_RO3306_mKate2-Astrin_Nuf2-GFP_GFP_timelapse_06_R3D_D3D_Z0_C1_T08.tif,5168.02649608925,4965.3375,1.2855729367927107,2.3658210240742883,0.5433939946052077,cdki,set3_timelapse_cdki_cell_4,Expt2020_017_setIII_STLC_GM132_RO3306_mKate2-Astrin_Nuf2-GFP_GFP_timelapse_06_R3D_D3D
184,184,8_15,26,16333.23076923077,Expt2020_017_setIII_STLC_GM132_RO3306_mKate2-Astrin_Nuf2-GFP_GFP_timelapse_06_R3D_D3D_Z0_C0_T08.tif,6866.044881687242,5231.375,7456.846153846153,Expt2020_017_setIII_STLC_GM132_RO3306_mKate2-Astrin_Nuf2-GFP_GFP_timelapse_06_R3D_D3D_Z0_C1_T08.tif,5168.02649608925,4965.3375,1.44288079008281,2.3788412471339813,0.606547743285176,cdki,set3_timelapse_cdki_cell_4,Expt2020_017_setIII_STLC_GM132_RO3306_mKate2-Astrin_Nuf2-GFP_GFP_timelapse_06_R3D_D3D
186,186,8_17,67,21999.68656716418,Expt2020_017_setIII_STLC_GM132_RO3306_mKate2-Astrin_Nuf2-GFP_GFP_timelapse_06_R3D_D3D_Z0_C0_T08.tif,6866.044881687242,5231.375,6635.925373134329,Expt2020_017_setIII_STLC_GM132_RO3306_mKate2-Astrin_Nuf2-GFP_GFP_timelapse_06_R3D_D3D_Z0_C1_T08.tif,5168.02649608925,4965.3375,1.2840347041865725,3.2041279872551662,0.4007438870400891,cdki,set3_timelapse_cdki_cell_4,Expt2020_017_setIII_STLC_GM132_RO3306_mKate2-Astrin_Nuf2-GFP_GFP_timelapse_06_R3D_D3D
187,187,8_18,16,17558.6875,Expt2020_017_setIII_STLC_GM132_RO3306_mKate2-Astrin_Nuf2-GFP_GFP_timelapse_06_R3D_D3D_Z0_C0_T08.tif,6866.044881687242,5231.375,7885.0625,Expt2020_017_setIII_STLC_GM132_RO3306_mKate2-Astrin_Nuf2-GFP_GFP_timelapse_06_R3D_D3D_Z0_C1_T08.tif,5168.02649608925,4965.3375,1.5257395653769936,2.557321981222642,0.5966161385151609,cdki,set3_timelapse_cdki_cell_4,Expt2020_017_setIII_STLC_GM132_RO3306_mKate2-Astrin_Nuf2-GFP_GFP_timelapse_06_R3D_D3D
189,189,8_20,12,16849.166666666668,Expt2020_017_setIII_STLC_GM132_RO3306_mKate2-Astrin_Nuf2-GFP_GFP_timelapse_06_R3D_D3D_Z0_C0_T08.tif,6866.044881687242,5231.375,7672.916666666668,Expt2020_017_setIII_STLC_GM132_RO3306_mKate2-Astrin_Nuf2-GFP_GFP_timelapse_06_R3D_D3D_Z0_C1_T08.tif,5168.02649608925,4965.3375,1.4846898854858657,2.45398434717575,0.6050119623601392,cdki,set3_timelapse_cdki_cell_4,Expt2020_017_setIII_STLC_GM132_RO3306_mKate2-Astrin_Nuf2-GFP_GFP_timelapse_06_R3D_D3D
190,190,8_21,26,18856.884615384617,Expt2020_017_setIII_STLC_GM132_RO3306_mKate2-Astrin_Nuf2-GFP_GFP_timelapse_06_R3D_D3D_Z0_C0_T08.tif,6866.044881687242,5231.375,6967.0,Expt2020_017_setIII_STLC_GM132_RO3306_mKate2-Astrin_Nuf2-GFP_GFP_timelapse_06_R3D_D3D_Z0_C1_T08.tif,5168.02649608925,4965.3375,1.3480968035423329,2.7463969345261225,0.49086014719680005,cdki,set3_timelapse_cdki_cell_4,Expt2020_017_setIII_STLC_GM132_RO3306_mKate2-Astrin_Nuf2-GFP_GFP_timelapse_06_R3D_D3D
192,192,8_23,42,20049.261904761905,Expt2020_017_setIII_STLC_GM132_RO3306_mKate2-Astrin_Nuf2-GFP_GFP_timelapse_06_R3D_D3D_Z0_C0_T08.tif,6866.044881687242,5231.375,6829.880952380952,Expt2020_017_setIII_STLC_GM132_RO3306_mKate2-Astrin_Nuf2-GFP_GFP_timelapse_06_R3D_D3D_Z0_C1_T08.tif,5168.02649608925,4965.3375,1.3215646161158927,2.920059837976919,0.4525813474533116,cdki,set3_timelapse_cdki_cell_4,Expt2020_017_setIII_STLC_GM132_RO3306_mKate2-Astrin_Nuf2-GFP_GFP_timelapse_06_R3D_D3D
193,193,8_24,36,20285.11111111111,Expt2020_017_setIII_STLC_GM132_RO3306_mKate2-Astrin_Nuf2-GFP_GFP_timelapse_06_R3D_D3D_Z0_C0_T08.tif,6866.044881687242,5231.375,6201.0,Expt2020_017_setIII_STLC_GM132_RO3306_mKate2-Astrin_Nuf2-GFP_GFP_timelapse_06_R3D_D3D_Z0_C1_T08.tif,5168.02649608925,4965.3375,1.1998777492128614,2.9544099202168783,0.40613109948019005,cdki,set3_timelapse_cdki_cell_4,Expt2020_017_setIII_STLC_GM132_RO3306_mKate2-Astrin_Nuf2-GFP_GFP_timelapse_06_R3D_D3D
194,194,8_25,26,17620.30769230769,Expt2020_017_setIII_STLC_GM132_RO3306_mKate2-Astrin_Nuf2-GFP_GFP_timelapse_06_R3D_D3D_Z0_C0_T08.tif,6866.044881687242,5231.375,4884.923076923077,Expt2020_017_setIII_STLC_GM132_RO3306_mKate2-Astrin_Nuf2-GFP_GFP_timelapse_06_R3D_D3D_Z0_C1_T08.tif,5168.02649608925,4965.3375,0.9452202074853132,2.56629660829973,0.3683207172656312,cdki,set3_timelapse_cdki_cell_4,Expt2020_017_setIII_STLC_GM132_RO3306_mKate2-Astrin_Nuf2-GFP_GFP_timelapse_06_R3D_D3D
195,195,9_1,8,15452.0,Expt2020_017_setIII_STLC_GM132_RO3306_mKate2-Astrin_Nuf2-GFP_GFP_timelapse_06_R3D_D3D_Z0_C0_T09.tif,6737.909265591923,5204.6525,3682.625,Expt2020_017_setIII_STLC_GM132_RO3306_mKate2-Astrin_Nuf2-GFP_GFP_timelapse_06_R3D_D3D_Z0_C1_T09.tif,5444.96073414526,4828.28,0.6763363740910597,2.2932929772307564,0.2949193063451331,cdki,set3_timelapse_cdki_cell_4,Expt2020_017_setIII_STLC_GM132_RO3306_mKate2-Astrin_Nuf2-GFP_GFP_timelapse_06_R3D_D3D
196,196,9_2,36,18046.277777777777,Expt2020_017_setIII_STLC_GM132_RO3306_mKate2-Astrin_Nuf2-GFP_GFP_timelapse_06_R3D_D3D_Z0_C0_T09.tif,6737.909265591923,5204.6525,6402.0,Expt2020_017_setIII_STLC_GM132_RO3306_mKate2-Astrin_Nuf2-GFP_GFP_timelapse_06_R3D_D3D_Z0_C1_T09.tif,5444.96073414526,4828.28,1.1757660546297721,2.6783200940288143,0.43899385187419754,cdki,set3_timelapse_cdki_cell_4,Expt2020_017_setIII_STLC_GM132_RO3306_mKate2-Astrin_Nuf2-GFP_GFP_timelapse_06_R3D_D3D
197,197,9_3,16,14672.0625,Expt2020_017_setIII_STLC_GM132_RO3306_mKate2-Astrin_Nuf2-GFP_GFP_timelapse_06_R3D_D3D_Z0_C0_T09.tif,6737.909265591923,5204.6525,3655.875,Expt2020_017_setIII_STLC_GM132_RO3306_mKate2-Astrin_Nuf2-GFP_GFP_timelapse_06_R3D_D3D_Z0_C1_T09.tif,5444.96073414526,4828.28,0.6714235746594217,2.1775393407158123,0.30834050255951184,cdki,set3_timelapse_cdki_cell_4,Expt2020_017_setIII_STLC_GM132_RO3306_mKate2-Astrin_Nuf2-GFP_GFP_timelapse_06_R3D_D3D
198,198,9_4,27,13850.814814814818,Expt2020_017_setIII_STLC_GM132_RO3306_mKate2-Astrin_Nuf2-GFP_GFP_timelapse_06_R3D_D3D_Z0_C0_T09.tif,6737.909265591923,5204.6525,4284.740740740741,Expt2020_017_setIII_STLC_GM132_RO3306_mKate2-Astrin_Nuf2-GFP_GFP_timelapse_06_R3D_D3D_Z0_C1_T09.tif,5444.96073414526,4828.28,0.7869185747972802,2.0556546947798693,0.38280678987360167,cdki,set3_timelapse_cdki_cell_4,Expt2020_017_setIII_STLC_GM132_RO3306_mKate2-Astrin_Nuf2-GFP_GFP_timelapse_06_R3D_D3D
199,199,9_5,12,16626.0,Expt2020_017_setIII_STLC_GM132_RO3306_mKate2-Astrin_Nuf2-GFP_GFP_timelapse_06_R3D_D3D_Z0_C0_T09.tif,6737.909265591923,5204.6525,4770.666666666667,Expt2020_017_setIII_STLC_GM132_RO3306_mKate2-Astrin_Nuf2-GFP_GFP_timelapse_06_R3D_D3D_Z0_C1_T09.tif,5444.96073414526,4828.28,0.8761618126554879,2.467531001775728,0.35507631394497935,cdki,set3_timelapse_cdki_cell_4,Expt2020_017_setIII_STLC_GM132_RO3306_mKate2-Astrin_Nuf2-GFP_GFP_timelapse_06_R3D_D3D
200,200,9_6,16,16266.875,Expt2020_017_setIII_STLC_GM132_RO3306_mKate2-Astrin_Nuf2-GFP_GFP_timelapse_06_R3D_D3D_Z0_C0_T09.tif,6737.909265591923,5204.6525,5529.1875,Expt2020_017_setIII_STLC_GM132_RO3306_mKate2-Astrin_Nuf2-GFP_GFP_timelapse_06_R3D_D3D_Z0_C1_T09.tif,5444.96073414526,4828.28,1.0154687554175652,2.4142318275298056,0.4206177484026349,cdki,set3_timelapse_cdki_cell_4,Expt2020_017_setIII_STLC_GM132_RO3306_mKate2-Astrin_Nuf2-GFP_GFP_timelapse_06_R3D_D3D
201,201,9_7,34,14072.323529411766,Expt2020_017_setIII_STLC_GM132_RO3306_mKate2-Astrin_Nuf2-GFP_GFP_timelapse_06_R3D_D3D_Z0_C0_T09.tif,6737.909265591923,5204.6525,3692.617647058824,Expt2020_017_setIII_STLC_GM132_RO3306_mKate2-Astrin_Nuf2-GFP_GFP_timelapse_06_R3D_D3D_Z0_C1_T09.tif,5444.96073414526,4828.28,0.6781715842140934,2.0885296869867416,0.32471244648312175,cdki,set3_timelapse_cdki_cell_4,Expt2020_017_setIII_STLC_GM132_RO3306_mKate2-Astrin_Nuf2-GFP_GFP_timelapse_06_R3D_D3D
202,202,9_8,37,15768.918918918918,Expt2020_017_setIII_STLC_GM132_RO3306_mKate2-Astrin_Nuf2-GFP_GFP_timelapse_06_R3D_D3D_Z0_C0_T09.tif,6737.909265591923,5204.6525,4707.405405405405,Expt2020_017_setIII_STLC_GM132_RO3306_mKate2-Astrin_Nuf2-GFP_GFP_timelapse_06_R3D_D3D_Z0_C1_T09.tif,5444.96073414526,4828.28,0.8645434990715989,2.340328178570927,0.36941122488193706,cdki,set3_timelapse_cdki_cell_4,Expt2020_017_setIII_STLC_GM132_RO3306_mKate2-Astrin_Nuf2-GFP_GFP_timelapse_06_R3D_D3D
203,203,9_9,12,15849.0,Expt2020_017_setIII_STLC_GM132_RO3306_mKate2-Astrin_Nuf2-GFP_GFP_timelapse_06_R3D_D3D_Z0_C0_T09.tif,6737.909265591923,5204.6525,6863.166666666668,Expt2020_017_setIII_STLC_GM132_RO3306_mKate2-Astrin_Nuf2-GFP_GFP_timelapse_06_R3D_D3D_Z0_C1_T09.tif,5444.96073414526,4828.28,1.2604621046443663,2.3522133313571225,0.5358621549505187,cdki,set3_timelapse_cdki_cell_4,Expt2020_017_setIII_STLC_GM132_RO3306_mKate2-Astrin_Nuf2-GFP_GFP_timelapse_06_R3D_D3D
204,204,9_10,19,14602.631578947368,Expt2020_017_setIII_STLC_GM132_RO3306_mKate2-Astrin_Nuf2-GFP_GFP_timelapse_06_R3D_D3D_Z0_C0_T09.tif,6737.909265591923,5204.6525,4947.789473684211,Expt2020_017_setIII_STLC_GM132_RO3306_mKate2-Astrin_Nuf2-GFP_GFP_timelapse_06_R3D_D3D_Z0_C1_T09.tif,5444.96073414526,4828.28,0.9086914883805688,2.167234820676163,0.4192861242867365,cdki,set3_timelapse_cdki_cell_4,Expt2020_017_setIII_STLC_GM132_RO3306_mKate2-Astrin_Nuf2-GFP_GFP_timelapse_06_R3D_D3D
205,205,9_11,26,15140.26923076923,Expt2020_017_setIII_STLC_GM132_RO3306_mKate2-Astrin_Nuf2-GFP_GFP_timelapse_06_R3D_D3D_Z0_C0_T09.tif,6737.909265591923,5204.6525,6281.846153846153,Expt2020_017_setIII_STLC_GM132_RO3306_mKate2-Astrin_Nuf2-GFP_GFP_timelapse_06_R3D_D3D_Z0_C1_T09.tif,5444.96073414526,4828.28,1.1536990734300063,2.2470277698877803,0.5134333847096263,cdki,set3_timelapse_cdki_cell_4,Expt2020_017_setIII_STLC_GM132_RO3306_mKate2-Astrin_Nuf2-GFP_GFP_timelapse_06_R3D_D3D
206,206,9_12,26,15974.192307692307,Expt2020_017_setIII_STLC_GM132_RO3306_mKate2-Astrin_Nuf2-GFP_GFP_timelapse_06_R3D_D3D_Z0_C0_T09.tif,6737.909265591923,5204.6525,4267.2307692307695,Expt2020_017_setIII_STLC_GM132_RO3306_mKate2-Astrin_Nuf2-GFP_GFP_timelapse_06_R3D_D3D_Z0_C1_T09.tif,5444.96073414526,4828.28,0.7837027625325257,2.370793621289434,0.3305655774905802,cdki,set3_timelapse_cdki_cell_4,Expt2020_017_setIII_STLC_GM132_RO3306_mKate2-Astrin_Nuf2-GFP_GFP_timelapse_06_R3D_D3D
207,207,9_13,58,17665.84482758621,Expt2020_017_setIII_STLC_GM132_RO3306_mKate2-Astrin_Nuf2-GFP_GFP_timelapse_06_R3D_D3D_Z0_C0_T09.tif,6737.909265591923,5204.6525,5083.0862068965525,Expt2020_017_setIII_STLC_GM132_RO3306_mKate2-Astrin_Nuf2-GFP_GFP_timelapse_06_R3D_D3D_Z0_C1_T09.tif,5444.96073414526,4828.28,0.9335395524563844,2.6218585218710677,0.3560602315757952,cdki,set3_timelapse_cdki_cell_4,Expt2020_017_setIII_STLC_GM132_RO3306_mKate2-Astrin_Nuf2-GFP_GFP_timelapse_06_R3D_D3D
208,208,9_14,16,14503.5625,Expt2020_017_setIII_STLC_GM132_RO3306_mKate2-Astrin_Nuf2-GFP_GFP_timelapse_06_R3D_D3D_Z0_C0_T09.tif,6737.909265591923,5204.6525,6897.75,Expt2020_017_setIII_STLC_GM132_RO3306_mKate2-Astrin_Nuf2-GFP_GFP_timelapse_06_R3D_D3D_Z0_C1_T09.tif,5444.96073414526,4828.28,1.266813543161904,2.1525315833599112,0.5885226274750033,cdki,set3_timelapse_cdki_cell_4,Expt2020_017_setIII_STLC_GM132_RO3306_mKate2-Astrin_Nuf2-GFP_GFP_timelapse_06_R3D_D3D
209,209,9_15,40,16745.775,Expt2020_017_setIII_STLC_GM132_RO3306_mKate2-Astrin_Nuf2-GFP_GFP_timelapse_06_R3D_D3D_Z0_C0_T09.tif,6737.909265591923,5204.6525,7051.2,Expt2020_017_setIII_STLC_GM132_RO3306_mKate2-Astrin_Nuf2-GFP_GFP_timelapse_06_R3D_D3D_Z0_C1_T09.tif,5444.96073414526,4828.28,1.2949955645744218,2.485307287457052,0.521060542939723,cdki,set3_timelapse_cdki_cell_4,Expt2020_017_setIII_STLC_GM132_RO3306_mKate2-Astrin_Nuf2-GFP_GFP_timelapse_06_R3D_D3D
211,211,9_17,73,18986.84931506849,Expt2020_017_setIII_STLC_GM132_RO3306_mKate2-Astrin_Nuf2-GFP_GFP_timelapse_06_R3D_D3D_Z0_C0_T09.tif,6737.909265591923,5204.6525,6472.780821917808,Expt2020_017_setIII_STLC_GM132_RO3306_mKate2-Astrin_Nuf2-GFP_GFP_timelapse_06_R3D_D3D_Z0_C1_T09.tif,5444.96073414526,4828.28,1.1887653810480403,2.8179140689868736,0.42186005390698017,cdki,set3_timelapse_cdki_cell_4,Expt2020_017_setIII_STLC_GM132_RO3306_mKate2-Astrin_Nuf2-GFP_GFP_timelapse_06_R3D_D3D
212,212,9_18,16,16591.625,Expt2020_017_setIII_STLC_GM132_RO3306_mKate2-Astrin_Nuf2-GFP_GFP_timelapse_06_R3D_D3D_Z0_C0_T09.tif,6737.909265591923,5204.6525,7102.375,Expt2020_017_setIII_STLC_GM132_RO3306_mKate2-Astrin_Nuf2-GFP_GFP_timelapse_06_R3D_D3D_Z0_C1_T09.tif,5444.96073414526,4828.28,1.3043941631132658,2.462429270861134,0.5297184282808283,cdki,set3_timelapse_cdki_cell_4,Expt2020_017_setIII_STLC_GM132_RO3306_mKate2-Astrin_Nuf2-GFP_GFP_timelapse_06_R3D_D3D
213,213,9_19,26,15843.346153846154,Expt2020_017_setIII_STLC_GM132_RO3306_mKate2-Astrin_Nuf2-GFP_GFP_timelapse_06_R3D_D3D_Z0_C0_T09.tif,6737.909265591923,5204.6525,7304.923076923077,Expt2020_017_setIII_STLC_GM132_RO3306_mKate2-Astrin_Nuf2-GFP_GFP_timelapse_06_R3D_D3D_Z0_C1_T09.tif,5444.96073414526,4828.28,1.341593343568857,2.3513742214892117,0.5705571368895831,cdki,set3_timelapse_cdki_cell_4,Expt2020_017_setIII_STLC_GM132_RO3306_mKate2-Astrin_Nuf2-GFP_GFP_timelapse_06_R3D_D3D
214,214,9_20,21,16604.52380952381,Expt2020_017_setIII_STLC_GM132_RO3306_mKate2-Astrin_Nuf2-GFP_GFP_timelapse_06_R3D_D3D_Z0_C0_T09.tif,6737.909265591923,5204.6525,8355.52380952381,Expt2020_017_setIII_STLC_GM132_RO3306_mKate2-Astrin_Nuf2-GFP_GFP_timelapse_06_R3D_D3D_Z0_C1_T09.tif,5444.96073414526,4828.28,1.5345425279426637,2.464343634651944,0.6226982740413951,cdki,set3_timelapse_cdki_cell_4,Expt2020_017_setIII_STLC_GM132_RO3306_mKate2-Astrin_Nuf2-GFP_GFP_timelapse_06_R3D_D3D
215,215,9_21,21,16131.714285714286,Expt2020_017_setIII_STLC_GM132_RO3306_mKate2-Astrin_Nuf2-GFP_GFP_timelapse_06_R3D_D3D_Z0_C0_T09.tif,6737.909265591923,5204.6525,6128.857142857143,Expt2020_017_setIII_STLC_GM132_RO3306_mKate2-Astrin_Nuf2-GFP_GFP_timelapse_06_R3D_D3D_Z0_C1_T09.tif,5444.96073414526,4828.28,1.1256017154399627,2.3941720865986045,0.4701423601672271,cdki,set3_timelapse_cdki_cell_4,Expt2020_017_setIII_STLC_GM132_RO3306_mKate2-Astrin_Nuf2-GFP_GFP_timelapse_06_R3D_D3D
216,216,9_22,24,15635.5,Expt2020_017_setIII_STLC_GM132_RO3306_mKate2-Astrin_Nuf2-GFP_GFP_timelapse_06_R3D_D3D_Z0_C0_T09.tif,6737.909265591923,5204.6525,6692.416666666668,Expt2020_017_setIII_STLC_GM132_RO3306_mKate2-Astrin_Nuf2-GFP_GFP_timelapse_06_R3D_D3D_Z0_C1_T09.tif,5444.96073414526,4828.28,1.2291028335059666,2.3205269444402985,0.5296654005465216,cdki,set3_timelapse_cdki_cell_4,Expt2020_017_setIII_STLC_GM132_RO3306_mKate2-Astrin_Nuf2-GFP_GFP_timelapse_06_R3D_D3D
217,217,9_23,34,16139.794117647061,Expt2020_017_setIII_STLC_GM132_RO3306_mKate2-Astrin_Nuf2-GFP_GFP_timelapse_06_R3D_D3D_Z0_C0_T09.tif,6737.909265591923,5204.6525,6597.2058823529405,Expt2020_017_setIII_STLC_GM132_RO3306_mKate2-Astrin_Nuf2-GFP_GFP_timelapse_06_R3D_D3D_Z0_C1_T09.tif,5444.96073414526,4828.28,1.211616796606442,2.3953712466962385,0.5058158722901667,cdki,set3_timelapse_cdki_cell_4,Expt2020_017_setIII_STLC_GM132_RO3306_mKate2-Astrin_Nuf2-GFP_GFP_timelapse_06_R3D_D3D
219,219,9_25,32,21404.9375,Expt2020_017_setIII_STLC_GM132_RO3306_mKate2-Astrin_Nuf2-GFP_GFP_timelapse_06_R3D_D3D_Z0_C0_T09.tif,6737.909265591923,5204.6525,6386.59375,Expt2020_017_setIII_STLC_GM132_RO3306_mKate2-Astrin_Nuf2-GFP_GFP_timelapse_06_R3D_D3D_Z0_C1_T09.tif,5444.96073414526,4828.28,1.1729366035552422,3.1767921852713736,0.36922043846410607,cdki,set3_timelapse_cdki_cell_4,Expt2020_017_setIII_STLC_GM132_RO3306_mKate2-Astrin_Nuf2-GFP_GFP_timelapse_06_R3D_D3D
220,220,9_26,42,18588.14285714286,Expt2020_017_setIII_STLC_GM132_RO3306_mKate2-Astrin_Nuf2-GFP_GFP_timelapse_06_R3D_D3D_Z0_C0_T09.tif,6737.909265591923,5204.6525,6426.119047619048,Expt2020_017_setIII_STLC_GM132_RO3306_mKate2-Astrin_Nuf2-GFP_GFP_timelapse_06_R3D_D3D_Z0_C1_T09.tif,5444.96073414526,4828.28,1.1801956637301274,2.7587404526305828,0.427802355457092,cdki,set3_timelapse_cdki_cell_4,Expt2020_017_setIII_STLC_GM132_RO3306_mKate2-Astrin_Nuf2-GFP_GFP_timelapse_06_R3D_D3D
222,222,9_28,21,20654.85714285714,Expt2020_017_setIII_STLC_GM132_RO3306_mKate2-Astrin_Nuf2-GFP_GFP_timelapse_06_R3D_D3D_Z0_C0_T09.tif,6737.909265591923,5204.6525,4423.142857142857,Expt2020_017_setIII_STLC_GM132_RO3306_mKate2-Astrin_Nuf2-GFP_GFP_timelapse_06_R3D_D3D_Z0_C1_T09.tif,5444.96073414526,4828.28,0.8123369612943947,3.0654697664651054,0.2649959135728575,cdki,set3_timelapse_cdki_cell_4,Expt2020_017_setIII_STLC_GM132_RO3306_mKate2-Astrin_Nuf2-GFP_GFP_timelapse_06_R3D_D3D
223,223,10_1,12,14414.333333333336,Expt2020_017_setIII_STLC_GM132_RO3306_mKate2-Astrin_Nuf2-GFP_GFP_timelapse_06_R3D_D3D_Z0_C0_T10.tif,6834.5408729529545,5099.9525,3601.583333333333,Expt2020_017_setIII_STLC_GM132_RO3306_mKate2-Astrin_Nuf2-GFP_GFP_timelapse_06_R3D_D3D_Z0_C1_T10.tif,5211.996201730323,4682.845,0.691018027246,2.109041938775535,0.32764546524247423,cdki,set3_timelapse_cdki_cell_4,Expt2020_017_setIII_STLC_GM132_RO3306_mKate2-Astrin_Nuf2-GFP_GFP_timelapse_06_R3D_D3D
224,224,10_2,36,16999.44444444444,Expt2020_017_setIII_STLC_GM132_RO3306_mKate2-Astrin_Nuf2-GFP_GFP_timelapse_06_R3D_D3D_Z0_C0_T10.tif,6834.5408729529545,5099.9525,5558.416666666668,Expt2020_017_setIII_STLC_GM132_RO3306_mKate2-Astrin_Nuf2-GFP_GFP_timelapse_06_R3D_D3D_Z0_C1_T10.tif,5211.996201730323,4682.845,1.0664659856853573,2.487284041524739,0.4287672689893508,cdki,set3_timelapse_cdki_cell_4,Expt2020_017_setIII_STLC_GM132_RO3306_mKate2-Astrin_Nuf2-GFP_GFP_timelapse_06_R3D_D3D
225,225,10_3,12,15159.75,Expt2020_017_setIII_STLC_GM132_RO3306_mKate2-Astrin_Nuf2-GFP_GFP_timelapse_06_R3D_D3D_Z0_C0_T10.tif,6834.5408729529545,5099.9525,5148.083333333333,Expt2020_017_setIII_STLC_GM132_RO3306_mKate2-Astrin_Nuf2-GFP_GFP_timelapse_06_R3D_D3D_Z0_C1_T10.tif,5211.996201730323,4682.845,0.987737353228352,2.218108031220249,0.44530624267428826,cdki,set3_timelapse_cdki_cell_4,Expt2020_017_setIII_STLC_GM132_RO3306_mKate2-Astrin_Nuf2-GFP_GFP_timelapse_06_R3D_D3D
226,226,10_4,16,15608.5625,Expt2020_017_setIII_STLC_GM132_RO3306_mKate2-Astrin_Nuf2-GFP_GFP_timelapse_06_R3D_D3D_Z0_C0_T10.tif,6834.5408729529545,5099.9525,4844.125,Expt2020_017_setIII_STLC_GM132_RO3306_mKate2-Astrin_Nuf2-GFP_GFP_timelapse_06_R3D_D3D_Z0_C1_T10.tif,5211.996201730323,4682.845,0.9294183672643134,2.28377630482384,0.4069655882238451,cdki,set3_timelapse_cdki_cell_4,Expt2020_017_setIII_STLC_GM132_RO3306_mKate2-Astrin_Nuf2-GFP_GFP_timelapse_06_R3D_D3D
227,227,10_5,43,16446.651162790702,Expt2020_017_setIII_STLC_GM132_RO3306_mKate2-Astrin_Nuf2-GFP_GFP_timelapse_06_R3D_D3D_Z0_C0_T10.tif,6834.5408729529545,5099.9525,4605.651162790698,Expt2020_017_setIII_STLC_GM132_RO3306_mKate2-Astrin_Nuf2-GFP_GFP_timelapse_06_R3D_D3D_Z0_C1_T10.tif,5211.996201730323,4682.845,0.8836635685309354,2.4064017566822606,0.36721364837650994,cdki,set3_timelapse_cdki_cell_4,Expt2020_017_setIII_STLC_GM132_RO3306_mKate2-Astrin_Nuf2-GFP_GFP_timelapse_06_R3D_D3D
228,228,10_6,16,14753.0625,Expt2020_017_setIII_STLC_GM132_RO3306_mKate2-Astrin_Nuf2-GFP_GFP_timelapse_06_R3D_D3D_Z0_C0_T10.tif,6834.5408729529545,5099.9525,4908.625,Expt2020_017_setIII_STLC_GM132_RO3306_mKate2-Astrin_Nuf2-GFP_GFP_timelapse_06_R3D_D3D_Z0_C1_T10.tif,5211.996201730323,4682.845,0.9417936640802602,2.1586033025837685,0.4362977036831955,cdki,set3_timelapse_cdki_cell_4,Expt2020_017_setIII_STLC_GM132_RO3306_mKate2-Astrin_Nuf2-GFP_GFP_timelapse_06_R3D_D3D
229,229,10_7,21,17147.380952380954,Expt2020_017_setIII_STLC_GM132_RO3306_mKate2-Astrin_Nuf2-GFP_GFP_timelapse_06_R3D_D3D_Z0_C0_T10.tif,6834.5408729529545,5099.9525,5555.0,Expt2020_017_setIII_STLC_GM132_RO3306_mKate2-Astrin_Nuf2-GFP_GFP_timelapse_06_R3D_D3D_Z0_C1_T10.tif,5211.996201730323,4682.845,1.0658104467067346,2.5089294615590174,0.42480686007188634,cdki,set3_timelapse_cdki_cell_4,Expt2020_017_setIII_STLC_GM132_RO3306_mKate2-Astrin_Nuf2-GFP_GFP_timelapse_06_R3D_D3D
230,230,10_8,53,17632.169811320753,Expt2020_017_setIII_STLC_GM132_RO3306_mKate2-Astrin_Nuf2-GFP_GFP_timelapse_06_R3D_D3D_Z0_C0_T10.tif,6834.5408729529545,5099.9525,4725.132075471698,Expt2020_017_setIII_STLC_GM132_RO3306_mKate2-Astrin_Nuf2-GFP_GFP_timelapse_06_R3D_D3D_Z0_C1_T10.tif,5211.996201730323,4682.845,0.9065877818374096,2.579861637977525,0.35140945874451096,cdki,set3_timelapse_cdki_cell_4,Expt2020_017_setIII_STLC_GM132_RO3306_mKate2-Astrin_Nuf2-GFP_GFP_timelapse_06_R3D_D3D
231,231,10_9,21,15999.238095238095,Expt2020_017_setIII_STLC_GM132_RO3306_mKate2-Astrin_Nuf2-GFP_GFP_timelapse_06_R3D_D3D_Z0_C0_T10.tif,6834.5408729529545,5099.9525,5972.476190476192,Expt2020_017_setIII_STLC_GM132_RO3306_mKate2-Astrin_Nuf2-GFP_GFP_timelapse_06_R3D_D3D_Z0_C1_T10.tif,5211.996201730323,4682.845,1.1459095439274107,2.3409382418874043,0.48950866085365413,cdki,set3_timelapse_cdki_cell_4,Expt2020_017_setIII_STLC_GM132_RO3306_mKate2-Astrin_Nuf2-GFP_GFP_timelapse_06_R3D_D3D
232,232,10_10,38,16153.842105263158,Expt2020_017_setIII_STLC_GM132_RO3306_mKate2-Astrin_Nuf2-GFP_GFP_timelapse_06_R3D_D3D_Z0_C0_T10.tif,6834.5408729529545,5099.9525,7495.868421052632,Expt2020_017_setIII_STLC_GM132_RO3306_mKate2-Astrin_Nuf2-GFP_GFP_timelapse_06_R3D_D3D_Z0_C1_T10.tif,5211.996201730323,4682.845,1.4381952961830802,2.3635592215404624,0.6084870999110099,cdki,set3_timelapse_cdki_cell_4,Expt2020_017_setIII_STLC_GM132_RO3306_mKate2-Astrin_Nuf2-GFP_GFP_timelapse_06_R3D_D3D
234,234,10_12,89,17119.8202247191,Expt2020_017_setIII_STLC_GM132_RO3306_mKate2-Astrin_Nuf2-GFP_GFP_timelapse_06_R3D_D3D_Z0_C0_T10.tif,6834.5408729529545,5099.9525,5918.101123595507,Expt2020_017_setIII_STLC_GM132_RO3306_mKate2-Astrin_Nuf2-GFP_GFP_timelapse_06_R3D_D3D_Z0_C1_T10.tif,5211.996201730323,4682.845,1.1354768680819,2.504896896947264,0.4533028363226103,cdki,set3_timelapse_cdki_cell_4,Expt2020_017_setIII_STLC_GM132_RO3306_mKate2-Astrin_Nuf2-GFP_GFP_timelapse_06_R3D_D3D
235,235,10_13,24,15344.208333333336,Expt2020_017_setIII_STLC_GM132_RO3306_mKate2-Astrin_Nuf2-GFP_GFP_timelapse_06_R3D_D3D_Z0_C0_T10.tif,6834.5408729529545,5099.9525,7261.166666666668,Expt2020_017_setIII_STLC_GM132_RO3306_mKate2-Astrin_Nuf2-GFP_GFP_timelapse_06_R3D_D3D_Z0_C1_T10.tif,5211.996201730323,4682.845,1.3931642283730068,2.24509716432549,0.6205362736679437,cdki,set3_timelapse_cdki_cell_4,Expt2020_017_setIII_STLC_GM132_RO3306_mKate2-Astrin_Nuf2-GFP_GFP_timelapse_06_R3D_D3D
236,236,10_14,24,16280.375,Expt2020_017_setIII_STLC_GM132_RO3306_mKate2-Astrin_Nuf2-GFP_GFP_timelapse_06_R3D_D3D_Z0_C0_T10.tif,6834.5408729529545,5099.9525,6477.208333333332,Expt2020_017_setIII_STLC_GM132_RO3306_mKate2-Astrin_Nuf2-GFP_GFP_timelapse_06_R3D_D3D_Z0_C1_T10.tif,5211.996201730323,4682.845,1.242750010290294,2.3820729589061402,0.5217094655492714,cdki,set3_timelapse_cdki_cell_4,Expt2020_017_setIII_STLC_GM132_RO3306_mKate2-Astrin_Nuf2-GFP_GFP_timelapse_06_R3D_D3D
237,237,10_15,30,15224.766666666665,Expt2020_017_setIII_STLC_GM132_RO3306_mKate2-Astrin_Nuf2-GFP_GFP_timelapse_06_R3D_D3D_Z0_C0_T10.tif,6834.5408729529545,5099.9525,5762.966666666666,Expt2020_017_setIII_STLC_GM132_RO3306_mKate2-Astrin_Nuf2-GFP_GFP_timelapse_06_R3D_D3D_Z0_C1_T10.tif,5211.996201730323,4682.845,1.105711985122596,2.2276209843030172,0.49636450406690413,cdki,set3_timelapse_cdki_cell_4,Expt2020_017_setIII_STLC_GM132_RO3306_mKate2-Astrin_Nuf2-GFP_GFP_timelapse_06_R3D_D3D
238,238,10_16,32,16061.46875,Expt2020_017_setIII_STLC_GM132_RO3306_mKate2-Astrin_Nuf2-GFP_GFP_timelapse_06_R3D_D3D_Z0_C0_T10.tif,6834.5408729529545,5099.9525,8108.03125,Expt2020_017_setIII_STLC_GM132_RO3306_mKate2-Astrin_Nuf2-GFP_GFP_timelapse_06_R3D_D3D_Z0_C1_T10.tif,5211.996201730323,4682.845,1.5556479583212717,2.350043557945748,0.6619655848766972,cdki,set3_timelapse_cdki_cell_4,Expt2020_017_setIII_STLC_GM132_RO3306_mKate2-Astrin_Nuf2-GFP_GFP_timelapse_06_R3D_D3D
239,239,10_17,16,14631.8125,Expt2020_017_setIII_STLC_GM132_RO3306_mKate2-Astrin_Nuf2-GFP_GFP_timelapse_06_R3D_D3D_Z0_C0_T10.tif,6834.5408729529545,5099.9525,4967.4375,Expt2020_017_setIII_STLC_GM132_RO3306_mKate2-Astrin_Nuf2-GFP_GFP_timelapse_06_R3D_D3D_Z0_C1_T10.tif,5211.996201730323,4682.845,0.9530777283281341,2.1408625351710175,0.4451839913448716,cdki,set3_timelapse_cdki_cell_4,Expt2020_017_setIII_STLC_GM132_RO3306_mKate2-Astrin_Nuf2-GFP_GFP_timelapse_06_R3D_D3D
240,240,10_18,32,14652.5625,Expt2020_017_setIII_STLC_GM132_RO3306_mKate2-Astrin_Nuf2-GFP_GFP_timelapse_06_R3D_D3D_Z0_C0_T10.tif,6834.5408729529545,5099.9525,6242.71875,Expt2020_017_setIII_STLC_GM132_RO3306_mKate2-Astrin_Nuf2-GFP_GFP_timelapse_06_R3D_D3D_Z0_C1_T10.tif,5211.996201730323,4682.845,1.1977596506934307,2.14389858402722,0.5586829804437351,cdki,set3_timelapse_cdki_cell_4,Expt2020_017_setIII_STLC_GM132_RO3306_mKate2-Astrin_Nuf2-GFP_GFP_timelapse_06_R3D_D3D
241,241,10_19,70,18221.214285714286,Expt2020_017_setIII_STLC_GM132_RO3306_mKate2-Astrin_Nuf2-GFP_GFP_timelapse_06_R3D_D3D_Z0_C0_T10.tif,6834.5408729529545,5099.9525,6445.02857142857,Expt2020_017_setIII_STLC_GM132_RO3306_mKate2-Astrin_Nuf2-GFP_GFP_timelapse_06_R3D_D3D_Z0_C1_T10.tif,5211.996201730323,4682.845,1.2365758381191634,2.666048038109335,0.4638235397274005,cdki,set3_timelapse_cdki_cell_4,Expt2020_017_setIII_STLC_GM132_RO3306_mKate2-Astrin_Nuf2-GFP_GFP_timelapse_06_R3D_D3D
243,243,10_21,47,16121.531914893618,Expt2020_017_setIII_STLC_GM132_RO3306_mKate2-Astrin_Nuf2-GFP_GFP_timelapse_06_R3D_D3D_Z0_C0_T10.tif,6834.5408729529545,5099.9525,6788.1276595744675,Expt2020_017_setIII_STLC_GM132_RO3306_mKate2-Astrin_Nuf2-GFP_GFP_timelapse_06_R3D_D3D_Z0_C1_T10.tif,5211.996201730323,4682.845,1.3024045676243752,2.3588317364072027,0.5521396662265113,cdki,set3_timelapse_cdki_cell_4,Expt2020_017_setIII_STLC_GM132_RO3306_mKate2-Astrin_Nuf2-GFP_GFP_timelapse_06_R3D_D3D
245,245,10_23,26,17820.73076923077,Expt2020_017_setIII_STLC_GM132_RO3306_mKate2-Astrin_Nuf2-GFP_GFP_timelapse_06_R3D_D3D_Z0_C0_T10.tif,6834.5408729529545,5099.9525,4653.538461538462,Expt2020_017_setIII_STLC_GM132_RO3306_mKate2-Astrin_Nuf2-GFP_GFP_timelapse_06_R3D_D3D_Z0_C1_T10.tif,5211.996201730323,4682.845,0.8928514683095011,2.6074510490901615,0.3424230988424695,cdki,set3_timelapse_cdki_cell_4,Expt2020_017_setIII_STLC_GM132_RO3306_mKate2-Astrin_Nuf2-GFP_GFP_timelapse_06_R3D_D3D
246,246,11_1,16,17010.9375,Expt2020_017_setIII_STLC_GM132_RO3306_mKate2-Astrin_Nuf2-GFP_GFP_timelapse_06_R3D_D3D_Z0_C0_T11.tif,6698.467869943675,5148.345,5042.8125,Expt2020_017_setIII_STLC_GM132_RO3306_mKate2-Astrin_Nuf2-GFP_GFP_timelapse_06_R3D_D3D_Z0_C1_T11.tif,5003.452516915399,4607.0025,1.0078665647273626,2.5395266246373795,0.3968718244374683,cdki,set3_timelapse_cdki_cell_4,Expt2020_017_setIII_STLC_GM132_RO3306_mKate2-Astrin_Nuf2-GFP_GFP_timelapse_06_R3D_D3D
247,247,11_2,12,20539.08333333333,Expt2020_017_setIII_STLC_GM132_RO3306_mKate2-Astrin_Nuf2-GFP_GFP_timelapse_06_R3D_D3D_Z0_C0_T11.tif,6698.467869943675,5148.345,4716.083333333333,Expt2020_017_setIII_STLC_GM132_RO3306_mKate2-Astrin_Nuf2-GFP_GFP_timelapse_06_R3D_D3D_Z0_C1_T11.tif,5003.452516915399,4607.0025,0.9425658217779534,3.06623600084627,0.3074015899356112,cdki,set3_timelapse_cdki_cell_4,Expt2020_017_setIII_STLC_GM132_RO3306_mKate2-Astrin_Nuf2-GFP_GFP_timelapse_06_R3D_D3D
248,248,11_3,8,17463.5,Expt2020_017_setIII_STLC_GM132_RO3306_mKate2-Astrin_Nuf2-GFP_GFP_timelapse_06_R3D_D3D_Z0_C0_T11.tif,6698.467869943675,5148.345,5373.875,Expt2020_017_setIII_STLC_GM132_RO3306_mKate2-Astrin_Nuf2-GFP_GFP_timelapse_06_R3D_D3D_Z0_C1_T11.tif,5003.452516915399,4607.0025,1.0740333763201102,2.607088716265925,0.4119665624031484,cdki,set3_timelapse_cdki_cell_4,Expt2020_017_setIII_STLC_GM132_RO3306_mKate2-Astrin_Nuf2-GFP_GFP_timelapse_06_R3D_D3D
249,249,11_4,8,18597.75,Expt2020_017_setIII_STLC_GM132_RO3306_mKate2-Astrin_Nuf2-GFP_GFP_timelapse_06_R3D_D3D_Z0_C0_T11.tif,6698.467869943675,5148.345,3523.0,Expt2020_017_setIII_STLC_GM132_RO3306_mKate2-Astrin_Nuf2-GFP_GFP_timelapse_06_R3D_D3D_Z0_C1_T11.tif,5003.452516915399,4607.0025,0.7041138070341697,2.776418482717359,0.25360507121571735,cdki,set3_timelapse_cdki_cell_4,Expt2020_017_setIII_STLC_GM132_RO3306_mKate2-Astrin_Nuf2-GFP_GFP_timelapse_06_R3D_D3D
250,250,11_5,8,17456.25,Expt2020_017_setIII_STLC_GM132_RO3306_mKate2-Astrin_Nuf2-GFP_GFP_timelapse_06_R3D_D3D_Z0_C0_T11.tif,6698.467869943675,5148.345,3805.625,Expt2020_017_setIII_STLC_GM132_RO3306_mKate2-Astrin_Nuf2-GFP_GFP_timelapse_06_R3D_D3D_Z0_C1_T11.tif,5003.452516915399,4607.0025,0.7605998032626772,2.6060063792090387,0.2918641371451786,cdki,set3_timelapse_cdki_cell_4,Expt2020_017_setIII_STLC_GM132_RO3306_mKate2-Astrin_Nuf2-GFP_GFP_timelapse_06_R3D_D3D
251,251,11_6,52,17729.115384615383,Expt2020_017_setIII_STLC_GM132_RO3306_mKate2-Astrin_Nuf2-GFP_GFP_timelapse_06_R3D_D3D_Z0_C0_T11.tif,6698.467869943675,5148.345,5009.5,Expt2020_017_setIII_STLC_GM132_RO3306_mKate2-Astrin_Nuf2-GFP_GFP_timelapse_06_R3D_D3D_Z0_C1_T11.tif,5003.452516915399,4607.0025,1.0012086620316982,2.6467418712518898,0.37827967770734433,cdki,set3_timelapse_cdki_cell_4,Expt2020_017_setIII_STLC_GM132_RO3306_mKate2-Astrin_Nuf2-GFP_GFP_timelapse_06_R3D_D3D
252,252,11_7,10,18692.1,Expt2020_017_setIII_STLC_GM132_RO3306_mKate2-Astrin_Nuf2-GFP_GFP_timelapse_06_R3D_D3D_Z0_C0_T11.tif,6698.467869943675,5148.345,6957.7,Expt2020_017_setIII_STLC_GM132_RO3306_mKate2-Astrin_Nuf2-GFP_GFP_timelapse_06_R3D_D3D_Z0_C1_T11.tif,5003.452516915399,4607.0025,1.3905797999436962,2.790503793243868,0.4983257157042576,cdki,set3_timelapse_cdki_cell_4,Expt2020_017_setIII_STLC_GM132_RO3306_mKate2-Astrin_Nuf2-GFP_GFP_timelapse_06_R3D_D3D
253,253,11_8,18,19925.5,Expt2020_017_setIII_STLC_GM132_RO3306_mKate2-Astrin_Nuf2-GFP_GFP_timelapse_06_R3D_D3D_Z0_C0_T11.tif,6698.467869943675,5148.345,7264.722222222223,Expt2020_017_setIII_STLC_GM132_RO3306_mKate2-Astrin_Nuf2-GFP_GFP_timelapse_06_R3D_D3D_Z0_C1_T11.tif,5003.452516915399,4607.0025,1.451941873668641,2.974635451997405,0.48810749992698854,cdki,set3_timelapse_cdki_cell_4,Expt2020_017_setIII_STLC_GM132_RO3306_mKate2-Astrin_Nuf2-GFP_GFP_timelapse_06_R3D_D3D
254,254,11_9,12,18885.33333333333,Expt2020_017_setIII_STLC_GM132_RO3306_mKate2-Astrin_Nuf2-GFP_GFP_timelapse_06_R3D_D3D_Z0_C0_T11.tif,6698.467869943675,5148.345,6357.916666666668,Expt2020_017_setIII_STLC_GM132_RO3306_mKate2-Astrin_Nuf2-GFP_GFP_timelapse_06_R3D_D3D_Z0_C1_T11.tif,5003.452516915399,4607.0025,1.2707059066059225,2.8193511859738347,0.4507086286120141,cdki,set3_timelapse_cdki_cell_4,Expt2020_017_setIII_STLC_GM132_RO3306_mKate2-Astrin_Nuf2-GFP_GFP_timelapse_06_R3D_D3D
255,255,11_10,34,20903.38235294117,Expt2020_017_setIII_STLC_GM132_RO3306_mKate2-Astrin_Nuf2-GFP_GFP_timelapse_06_R3D_D3D_Z0_C0_T11.tif,6698.467869943675,5148.345,6166.882352941177,Expt2020_017_setIII_STLC_GM132_RO3306_mKate2-Astrin_Nuf2-GFP_GFP_timelapse_06_R3D_D3D_Z0_C1_T11.tif,5003.452516915399,4607.0025,1.2325254076245387,3.120621425495759,0.394961528352877,cdki,set3_timelapse_cdki_cell_4,Expt2020_017_setIII_STLC_GM132_RO3306_mKate2-Astrin_Nuf2-GFP_GFP_timelapse_06_R3D_D3D
256,256,11_11,16,18430.4375,Expt2020_017_setIII_STLC_GM132_RO3306_mKate2-Astrin_Nuf2-GFP_GFP_timelapse_06_R3D_D3D_Z0_C0_T11.tif,6698.467869943675,5148.345,6639.0625,Expt2020_017_setIII_STLC_GM132_RO3306_mKate2-Astrin_Nuf2-GFP_GFP_timelapse_06_R3D_D3D_Z0_C1_T11.tif,5003.452516915399,4607.0025,1.3268962736340595,2.7514407559821548,0.4822550769988905,cdki,set3_timelapse_cdki_cell_4,Expt2020_017_setIII_STLC_GM132_RO3306_mKate2-Astrin_Nuf2-GFP_GFP_timelapse_06_R3D_D3D
257,257,11_12,12,19811.916666666668,Expt2020_017_setIII_STLC_GM132_RO3306_mKate2-Astrin_Nuf2-GFP_GFP_timelapse_06_R3D_D3D_Z0_C0_T11.tif,6698.467869943675,5148.345,7281.583333333332,Expt2020_017_setIII_STLC_GM132_RO3306_mKate2-Astrin_Nuf2-GFP_GFP_timelapse_06_R3D_D3D_Z0_C1_T11.tif,5003.452516915399,4607.0025,1.455311768966759,2.957678838106192,0.4920452316244715,cdki,set3_timelapse_cdki_cell_4,Expt2020_017_setIII_STLC_GM132_RO3306_mKate2-Astrin_Nuf2-GFP_GFP_timelapse_06_R3D_D3D
258,258,11_13,26,18343.76923076923,Expt2020_017_setIII_STLC_GM132_RO3306_mKate2-Astrin_Nuf2-GFP_GFP_timelapse_06_R3D_D3D_Z0_C0_T11.tif,6698.467869943675,5148.345,5346.961538461538,Expt2020_017_setIII_STLC_GM132_RO3306_mKate2-Astrin_Nuf2-GFP_GFP_timelapse_06_R3D_D3D_Z0_C1_T11.tif,5003.452516915399,4607.0025,1.068654398214997,2.738502234679447,0.39023316639363176,cdki,set3_timelapse_cdki_cell_4,Expt2020_017_setIII_STLC_GM132_RO3306_mKate2-Astrin_Nuf2-GFP_GFP_timelapse_06_R3D_D3D
259,259,11_14,21,19067.61904761905,Expt2020_017_setIII_STLC_GM132_RO3306_mKate2-Astrin_Nuf2-GFP_GFP_timelapse_06_R3D_D3D_Z0_C0_T11.tif,6698.467869943675,5148.345,6807.904761904762,Expt2020_017_setIII_STLC_GM132_RO3306_mKate2-Astrin_Nuf2-GFP_GFP_timelapse_06_R3D_D3D_Z0_C1_T11.tif,5003.452516915399,4607.0025,1.3606414248739185,2.84656423197554,0.4779942815235972,cdki,set3_timelapse_cdki_cell_4,Expt2020_017_setIII_STLC_GM132_RO3306_mKate2-Astrin_Nuf2-GFP_GFP_timelapse_06_R3D_D3D
260,260,11_15,16,18302.375,Expt2020_017_setIII_STLC_GM132_RO3306_mKate2-Astrin_Nuf2-GFP_GFP_timelapse_06_R3D_D3D_Z0_C0_T11.tif,6698.467869943675,5148.345,4823.8125,Expt2020_017_setIII_STLC_GM132_RO3306_mKate2-Astrin_Nuf2-GFP_GFP_timelapse_06_R3D_D3D_Z0_C1_T11.tif,5003.452516915399,4607.0025,0.9640967879063342,2.732322578141126,0.3528488164681623,cdki,set3_timelapse_cdki_cell_4,Expt2020_017_setIII_STLC_GM132_RO3306_mKate2-Astrin_Nuf2-GFP_GFP_timelapse_06_R3D_D3D
261,261,11_16,21,16811.285714285714,Expt2020_017_setIII_STLC_GM132_RO3306_mKate2-Astrin_Nuf2-GFP_GFP_timelapse_06_R3D_D3D_Z0_C0_T11.tif,6698.467869943675,5148.345,5657.476190476192,Expt2020_017_setIII_STLC_GM132_RO3306_mKate2-Astrin_Nuf2-GFP_GFP_timelapse_06_R3D_D3D_Z0_C1_T11.tif,5003.452516915399,4607.0025,1.1307144759243153,2.5097210348233068,0.4505339279685806,cdki,set3_timelapse_cdki_cell_4,Expt2020_017_setIII_STLC_GM132_RO3306_mKate2-Astrin_Nuf2-GFP_GFP_timelapse_06_R3D_D3D
262,262,11_17,21,19289.428571428565,Expt2020_017_setIII_STLC_GM132_RO3306_mKate2-Astrin_Nuf2-GFP_GFP_timelapse_06_R3D_D3D_Z0_C0_T11.tif,6698.467869943675,5148.345,6634.142857142857,Expt2020_017_setIII_STLC_GM132_RO3306_mKate2-Astrin_Nuf2-GFP_GFP_timelapse_06_R3D_D3D_Z0_C1_T11.tif,5003.452516915399,4607.0025,1.3259130239998298,2.8796777033119905,0.46043799362507254,cdki,set3_timelapse_cdki_cell_4,Expt2020_017_setIII_STLC_GM132_RO3306_mKate2-Astrin_Nuf2-GFP_GFP_timelapse_06_R3D_D3D
263,263,11_18,32,20658.0625,Expt2020_017_setIII_STLC_GM132_RO3306_mKate2-Astrin_Nuf2-GFP_GFP_timelapse_06_R3D_D3D_Z0_C0_T11.tif,6698.467869943675,5148.345,6131.5,Expt2020_017_setIII_STLC_GM132_RO3306_mKate2-Astrin_Nuf2-GFP_GFP_timelapse_06_R3D_D3D_Z0_C1_T11.tif,5003.452516915399,4607.0025,1.2254538199914877,3.0839981472022355,0.39735880551783215,cdki,set3_timelapse_cdki_cell_4,Expt2020_017_setIII_STLC_GM132_RO3306_mKate2-Astrin_Nuf2-GFP_GFP_timelapse_06_R3D_D3D
264,264,11_19,20,18532.9,Expt2020_017_setIII_STLC_GM132_RO3306_mKate2-Astrin_Nuf2-GFP_GFP_timelapse_06_R3D_D3D_Z0_C0_T11.tif,6698.467869943675,5148.345,6755.05,Expt2020_017_setIII_STLC_GM132_RO3306_mKate2-Astrin_Nuf2-GFP_GFP_timelapse_06_R3D_D3D_Z0_C1_T11.tif,5003.452516915399,4607.0025,1.3500777667346489,2.766737164353352,0.48796748174313553,cdki,set3_timelapse_cdki_cell_4,Expt2020_017_setIII_STLC_GM132_RO3306_mKate2-Astrin_Nuf2-GFP_GFP_timelapse_06_R3D_D3D
266,266,11_21,21,20303.809523809523,Expt2020_017_setIII_STLC_GM132_RO3306_mKate2-Astrin_Nuf2-GFP_GFP_timelapse_06_R3D_D3D_Z0_C0_T11.tif,6698.467869943675,5148.345,4355.809523809524,Expt2020_017_setIII_STLC_GM132_RO3306_mKate2-Astrin_Nuf2-GFP_GFP_timelapse_06_R3D_D3D_Z0_C1_T11.tif,5003.452516915399,4607.0025,0.8705607795984154,3.031112474975602,0.28720833911167304,cdki,set3_timelapse_cdki_cell_4,Expt2020_017_setIII_STLC_GM132_RO3306_mKate2-Astrin_Nuf2-GFP_GFP_timelapse_06_R3D_D3D
267,267,12_1,32,15415.0,Expt2020_017_setIII_STLC_GM132_RO3306_mKate2-Astrin_Nuf2-GFP_GFP_timelapse_06_R3D_D3D_Z0_C0_T12.tif,6731.407922574836,5080.2575,4804.3125,Expt2020_017_setIII_STLC_GM132_RO3306_mKate2-Astrin_Nuf2-GFP_GFP_timelapse_06_R3D_D3D_Z0_C1_T12.tif,5052.659461229837,4576.3375,0.950848268493957,2.2900112691586214,0.4152155412070572,cdki,set3_timelapse_cdki_cell_4,Expt2020_017_setIII_STLC_GM132_RO3306_mKate2-Astrin_Nuf2-GFP_GFP_timelapse_06_R3D_D3D
268,268,12_2,61,17345.39344262295,Expt2020_017_setIII_STLC_GM132_RO3306_mKate2-Astrin_Nuf2-GFP_GFP_timelapse_06_R3D_D3D_Z0_C0_T12.tif,6731.407922574836,5080.2575,5041.032786885246,Expt2020_017_setIII_STLC_GM132_RO3306_mKate2-Astrin_Nuf2-GFP_GFP_timelapse_06_R3D_D3D_Z0_C1_T12.tif,5052.659461229837,4576.3375,0.997698900067617,2.5767853682514827,0.38718742832066794,cdki,set3_timelapse_cdki_cell_4,Expt2020_017_setIII_STLC_GM132_RO3306_mKate2-Astrin_Nuf2-GFP_GFP_timelapse_06_R3D_D3D
269,269,12_3,8,15558.875,Expt2020_017_setIII_STLC_GM132_RO3306_mKate2-Astrin_Nuf2-GFP_GFP_timelapse_06_R3D_D3D_Z0_C0_T12.tif,6731.407922574836,5080.2575,4344.25,Expt2020_017_setIII_STLC_GM132_RO3306_mKate2-Astrin_Nuf2-GFP_GFP_timelapse_06_R3D_D3D_Z0_C1_T12.tif,5052.659461229837,4576.3375,0.8597947345025688,2.3113849552663215,0.37198249151167545,cdki,set3_timelapse_cdki_cell_4,Expt2020_017_setIII_STLC_GM132_RO3306_mKate2-Astrin_Nuf2-GFP_GFP_timelapse_06_R3D_D3D
270,270,12_4,8,14638.0,Expt2020_017_setIII_STLC_GM132_RO3306_mKate2-Astrin_Nuf2-GFP_GFP_timelapse_06_R3D_D3D_Z0_C0_T12.tif,6731.407922574836,5080.2575,5809.75,Expt2020_017_setIII_STLC_GM132_RO3306_mKate2-Astrin_Nuf2-GFP_GFP_timelapse_06_R3D_D3D_Z0_C1_T12.tif,5052.659461229837,4576.3375,1.1498400089258904,2.1745822223771585,0.528763638869877,cdki,set3_timelapse_cdki_cell_4,Expt2020_017_setIII_STLC_GM132_RO3306_mKate2-Astrin_Nuf2-GFP_GFP_timelapse_06_R3D_D3D
271,271,12_5,49,16194.408163265307,Expt2020_017_setIII_STLC_GM132_RO3306_mKate2-Astrin_Nuf2-GFP_GFP_timelapse_06_R3D_D3D_Z0_C0_T12.tif,6731.407922574836,5080.2575,7060.2448979591845,Expt2020_017_setIII_STLC_GM132_RO3306_mKate2-Astrin_Nuf2-GFP_GFP_timelapse_06_R3D_D3D_Z0_C1_T12.tif,5052.659461229837,4576.3375,1.397332425059316,2.4057980662492326,0.5808186666463789,cdki,set3_timelapse_cdki_cell_4,Expt2020_017_setIII_STLC_GM132_RO3306_mKate2-Astrin_Nuf2-GFP_GFP_timelapse_06_R3D_D3D
273,273,12_7,66,18683.21212121212,Expt2020_017_setIII_STLC_GM132_RO3306_mKate2-Astrin_Nuf2-GFP_GFP_timelapse_06_R3D_D3D_Z0_C0_T12.tif,6731.407922574836,5080.2575,6062.742424242424,Expt2020_017_setIII_STLC_GM132_RO3306_mKate2-Astrin_Nuf2-GFP_GFP_timelapse_06_R3D_D3D_Z0_C1_T12.tif,5052.659461229837,4576.3375,1.1999111499128676,2.775528141528168,0.43231813504589905,cdki,set3_timelapse_cdki_cell_4,Expt2020_017_setIII_STLC_GM132_RO3306_mKate2-Astrin_Nuf2-GFP_GFP_timelapse_06_R3D_D3D
274,274,12_8,33,16531.272727272728,Expt2020_017_setIII_STLC_GM132_RO3306_mKate2-Astrin_Nuf2-GFP_GFP_timelapse_06_R3D_D3D_Z0_C0_T12.tif,6731.407922574836,5080.2575,6368.121212121212,Expt2020_017_setIII_STLC_GM132_RO3306_mKate2-Astrin_Nuf2-GFP_GFP_timelapse_06_R3D_D3D_Z0_C1_T12.tif,5052.659461229837,4576.3375,1.2603503681546722,2.4558417670443804,0.5132050383162556,cdki,set3_timelapse_cdki_cell_4,Expt2020_017_setIII_STLC_GM132_RO3306_mKate2-Astrin_Nuf2-GFP_GFP_timelapse_06_R3D_D3D
275,275,12_9,21,15323.238095238095,Expt2020_017_setIII_STLC_GM132_RO3306_mKate2-Astrin_Nuf2-GFP_GFP_timelapse_06_R3D_D3D_Z0_C0_T12.tif,6731.407922574836,5080.2575,6375.476190476192,Expt2020_017_setIII_STLC_GM132_RO3306_mKate2-Astrin_Nuf2-GFP_GFP_timelapse_06_R3D_D3D_Z0_C1_T12.tif,5052.659461229837,4576.3375,1.2618060329212006,2.276379365429512,0.5543039319736236,cdki,set3_timelapse_cdki_cell_4,Expt2020_017_setIII_STLC_GM132_RO3306_mKate2-Astrin_Nuf2-GFP_GFP_timelapse_06_R3D_D3D
276,276,12_10,26,17281.846153846152,Expt2020_017_setIII_STLC_GM132_RO3306_mKate2-Astrin_Nuf2-GFP_GFP_timelapse_06_R3D_D3D_Z0_C0_T12.tif,6731.407922574836,5080.2575,5592.038461538462,Expt2020_017_setIII_STLC_GM132_RO3306_mKate2-Astrin_Nuf2-GFP_GFP_timelapse_06_R3D_D3D_Z0_C1_T12.tif,5052.659461229837,4576.3375,1.1067515047169512,2.5673449525898975,0.4310879625273875,cdki,set3_timelapse_cdki_cell_4,Expt2020_017_setIII_STLC_GM132_RO3306_mKate2-Astrin_Nuf2-GFP_GFP_timelapse_06_R3D_D3D
277,277,12_11,26,17598.884615384617,Expt2020_017_setIII_STLC_GM132_RO3306_mKate2-Astrin_Nuf2-GFP_GFP_timelapse_06_R3D_D3D_Z0_C0_T12.tif,6731.407922574836,5080.2575,4964.23076923077,Expt2020_017_setIII_STLC_GM132_RO3306_mKate2-Astrin_Nuf2-GFP_GFP_timelapse_06_R3D_D3D_Z0_C1_T12.tif,5052.659461229837,4576.3375,0.9824985846211092,2.6144433405029557,0.37579647238868835,cdki,set3_timelapse_cdki_cell_4,Expt2020_017_setIII_STLC_GM132_RO3306_mKate2-Astrin_Nuf2-GFP_GFP_timelapse_06_R3D_D3D
278,278,12_12,21,18412.285714285714,Expt2020_017_setIII_STLC_GM132_RO3306_mKate2-Astrin_Nuf2-GFP_GFP_timelapse_06_R3D_D3D_Z0_C0_T12.tif,6731.407922574836,5080.2575,6918.857142857143,Expt2020_017_setIII_STLC_GM132_RO3306_mKate2-Astrin_Nuf2-GFP_GFP_timelapse_06_R3D_D3D_Z0_C1_T12.tif,5052.659461229837,4576.3375,1.3693495862816503,2.735280037410482,0.5006250064172689,cdki,set3_timelapse_cdki_cell_4,Expt2020_017_setIII_STLC_GM132_RO3306_mKate2-Astrin_Nuf2-GFP_GFP_timelapse_06_R3D_D3D
279,279,12_13,16,14902.5,Expt2020_017_setIII_STLC_GM132_RO3306_mKate2-Astrin_Nuf2-GFP_GFP_timelapse_06_R3D_D3D_Z0_C0_T12.tif,6731.407922574836,5080.2575,5908.6875,Expt2020_017_setIII_STLC_GM132_RO3306_mKate2-Astrin_Nuf2-GFP_GFP_timelapse_06_R3D_D3D_Z0_C1_T12.tif,5052.659461229837,4576.3375,1.1694212810775502,2.213875636629021,0.5282235649235387,cdki,set3_timelapse_cdki_cell_4,Expt2020_017_setIII_STLC_GM132_RO3306_mKate2-Astrin_Nuf2-GFP_GFP_timelapse_06_R3D_D3D
280,280,12_14,26,16297.115384615383,Expt2020_017_setIII_STLC_GM132_RO3306_mKate2-Astrin_Nuf2-GFP_GFP_timelapse_06_R3D_D3D_Z0_C0_T12.tif,6731.407922574836,5080.2575,6364.923076923077,Expt2020_017_setIII_STLC_GM132_RO3306_mKate2-Astrin_Nuf2-GFP_GFP_timelapse_06_R3D_D3D_Z0_C1_T12.tif,5052.659461229837,4576.3375,1.2597174073896187,2.421055977006005,0.5203173405959189,cdki,set3_timelapse_cdki_cell_4,Expt2020_017_setIII_STLC_GM132_RO3306_mKate2-Astrin_Nuf2-GFP_GFP_timelapse_06_R3D_D3D
281,281,12_15,41,20224.146341463416,Expt2020_017_setIII_STLC_GM132_RO3306_mKate2-Astrin_Nuf2-GFP_GFP_timelapse_06_R3D_D3D_Z0_C0_T12.tif,6731.407922574836,5080.2575,5951.512195121952,Expt2020_017_setIII_STLC_GM132_RO3306_mKate2-Astrin_Nuf2-GFP_GFP_timelapse_06_R3D_D3D_Z0_C1_T12.tif,5052.659461229837,4576.3375,1.1778969552152108,3.0044452177141956,0.3920514004616678,cdki,set3_timelapse_cdki_cell_4,Expt2020_017_setIII_STLC_GM132_RO3306_mKate2-Astrin_Nuf2-GFP_GFP_timelapse_06_R3D_D3D
282,282,12_16,42,16899.64285714286,Expt2020_017_setIII_STLC_GM132_RO3306_mKate2-Astrin_Nuf2-GFP_GFP_timelapse_06_R3D_D3D_Z0_C0_T12.tif,6731.407922574836,5080.2575,5818.023809523808,Expt2020_017_setIII_STLC_GM132_RO3306_mKate2-Astrin_Nuf2-GFP_GFP_timelapse_06_R3D_D3D_Z0_C1_T12.tif,5052.659461229837,4576.3375,1.1514775246910622,2.510565850639841,0.45865258798035413,cdki,set3_timelapse_cdki_cell_4,Expt2020_017_setIII_STLC_GM132_RO3306_mKate2-Astrin_Nuf2-GFP_GFP_timelapse_06_R3D_D3D
284,284,12_18,26,14654.423076923076,Expt2020_017_setIII_STLC_GM132_RO3306_mKate2-Astrin_Nuf2-GFP_GFP_timelapse_06_R3D_D3D_Z0_C0_T12.tif,6731.407922574836,5080.2575,4714.153846153846,Expt2020_017_setIII_STLC_GM132_RO3306_mKate2-Astrin_Nuf2-GFP_GFP_timelapse_06_R3D_D3D_Z0_C1_T12.tif,5052.659461229837,4576.3375,0.9330044667222442,2.1770219908642234,0.4285691511787921,cdki,set3_timelapse_cdki_cell_4,Expt2020_017_setIII_STLC_GM132_RO3306_mKate2-Astrin_Nuf2-GFP_GFP_timelapse_06_R3D_D3D
286,286,13_1,35,12227.6,Expt2020_017_setIII_STLC_GM132_RO3306_mKate2-Astrin_Nuf2-GFP_GFP_timelapse_06_R3D_D3D_Z0_C0_T13.tif,6504.837177396907,5036.8875,4463.257142857143,Expt2020_017_setIII_STLC_GM132_RO3306_mKate2-Astrin_Nuf2-GFP_GFP_timelapse_06_R3D_D3D_Z0_C1_T13.tif,4836.360106761566,4537.91,0.9228545940194156,1.8797703411376114,0.4909400759355085,cdki,set3_timelapse_cdki_cell_4,Expt2020_017_setIII_STLC_GM132_RO3306_mKate2-Astrin_Nuf2-GFP_GFP_timelapse_06_R3D_D3D
287,287,13_2,64,16450.46875,Expt2020_017_setIII_STLC_GM132_RO3306_mKate2-Astrin_Nuf2-GFP_GFP_timelapse_06_R3D_D3D_Z0_C0_T13.tif,6504.837177396907,5036.8875,4771.53125,Expt2020_017_setIII_STLC_GM132_RO3306_mKate2-Astrin_Nuf2-GFP_GFP_timelapse_06_R3D_D3D_Z0_C1_T13.tif,4836.360106761566,4537.91,0.986595527353116,2.5289593423125645,0.3901191730709835,cdki,set3_timelapse_cdki_cell_4,Expt2020_017_setIII_STLC_GM132_RO3306_mKate2-Astrin_Nuf2-GFP_GFP_timelapse_06_R3D_D3D
288,288,13_3,16,13292.9375,Expt2020_017_setIII_STLC_GM132_RO3306_mKate2-Astrin_Nuf2-GFP_GFP_timelapse_06_R3D_D3D_Z0_C0_T13.tif,6504.837177396907,5036.8875,4992.5,Expt2020_017_setIII_STLC_GM132_RO3306_mKate2-Astrin_Nuf2-GFP_GFP_timelapse_06_R3D_D3D_Z0_C1_T13.tif,4836.360106761566,4537.91,1.0322845879528573,2.0435465389034597,0.5051436648498192,cdki,set3_timelapse_cdki_cell_4,Expt2020_017_setIII_STLC_GM132_RO3306_mKate2-Astrin_Nuf2-GFP_GFP_timelapse_06_R3D_D3D
289,289,13_4,30,13173.633333333333,Expt2020_017_setIII_STLC_GM132_RO3306_mKate2-Astrin_Nuf2-GFP_GFP_timelapse_06_R3D_D3D_Z0_C0_T13.tif,6504.837177396907,5036.8875,5612.8,Expt2020_017_setIII_STLC_GM132_RO3306_mKate2-Astrin_Nuf2-GFP_GFP_timelapse_06_R3D_D3D_Z0_C1_T13.tif,4836.360106761566,4537.91,1.1605422003528887,2.0252057006298707,0.5730490487914102,cdki,set3_timelapse_cdki_cell_4,Expt2020_017_setIII_STLC_GM132_RO3306_mKate2-Astrin_Nuf2-GFP_GFP_timelapse_06_R3D_D3D
290,290,13_5,65,15724.892307692307,Expt2020_017_setIII_STLC_GM132_RO3306_mKate2-Astrin_Nuf2-GFP_GFP_timelapse_06_R3D_D3D_Z0_C0_T13.tif,6504.837177396907,5036.8875,6611.076923076923,Expt2020_017_setIII_STLC_GM132_RO3306_mKate2-Astrin_Nuf2-GFP_GFP_timelapse_06_R3D_D3D_Z0_C1_T13.tif,4836.360106761566,4537.91,1.366952992982094,2.4174152063841614,0.5654605751515513,cdki,set3_timelapse_cdki_cell_4,Expt2020_017_setIII_STLC_GM132_RO3306_mKate2-Astrin_Nuf2-GFP_GFP_timelapse_06_R3D_D3D
292,292,13_7,66,16170.681818181818,Expt2020_017_setIII_STLC_GM132_RO3306_mKate2-Astrin_Nuf2-GFP_GFP_timelapse_06_R3D_D3D_Z0_C0_T13.tif,6504.837177396907,5036.8875,5730.727272727273,Expt2020_017_setIII_STLC_GM132_RO3306_mKate2-Astrin_Nuf2-GFP_GFP_timelapse_06_R3D_D3D_Z0_C1_T13.tif,4836.360106761566,4537.91,1.1849256767946867,2.4859472077751485,0.4766495736871103,cdki,set3_timelapse_cdki_cell_4,Expt2020_017_setIII_STLC_GM132_RO3306_mKate2-Astrin_Nuf2-GFP_GFP_timelapse_06_R3D_D3D
293,293,13_8,29,12743.206896551723,Expt2020_017_setIII_STLC_GM132_RO3306_mKate2-Astrin_Nuf2-GFP_GFP_timelapse_06_R3D_D3D_Z0_C0_T13.tif,6504.837177396907,5036.8875,6859.827586206897,Expt2020_017_setIII_STLC_GM132_RO3306_mKate2-Astrin_Nuf2-GFP_GFP_timelapse_06_R3D_D3D_Z0_C1_T13.tif,4836.360106761566,4537.91,1.4183864383085087,1.9590354914388919,0.724022839048576,cdki,set3_timelapse_cdki_cell_4,Expt2020_017_setIII_STLC_GM132_RO3306_mKate2-Astrin_Nuf2-GFP_GFP_timelapse_06_R3D_D3D
294,294,13_9,48,15536.5,Expt2020_017_setIII_STLC_GM132_RO3306_mKate2-Astrin_Nuf2-GFP_GFP_timelapse_06_R3D_D3D_Z0_C0_T13.tif,6504.837177396907,5036.8875,5994.833333333332,Expt2020_017_setIII_STLC_GM132_RO3306_mKate2-Astrin_Nuf2-GFP_GFP_timelapse_06_R3D_D3D_Z0_C1_T13.tif,4836.360106761566,4537.91,1.2395341126381676,2.388453327315622,0.5189693675242454,cdki,set3_timelapse_cdki_cell_4,Expt2020_017_setIII_STLC_GM132_RO3306_mKate2-Astrin_Nuf2-GFP_GFP_timelapse_06_R3D_D3D
295,295,13_10,26,12743.96153846154,Expt2020_017_setIII_STLC_GM132_RO3306_mKate2-Astrin_Nuf2-GFP_GFP_timelapse_06_R3D_D3D_Z0_C0_T13.tif,6504.837177396907,5036.8875,6006.538461538462,Expt2020_017_setIII_STLC_GM132_RO3306_mKate2-Astrin_Nuf2-GFP_GFP_timelapse_06_R3D_D3D_Z0_C1_T13.tif,4836.360106761566,4537.91,1.241954347679964,1.959151503859993,0.6339246072766804,cdki,set3_timelapse_cdki_cell_4,Expt2020_017_setIII_STLC_GM132_RO3306_mKate2-Astrin_Nuf2-GFP_GFP_timelapse_06_R3D_D3D
296,296,13_11,38,14554.342105263158,Expt2020_017_setIII_STLC_GM132_RO3306_mKate2-Astrin_Nuf2-GFP_GFP_timelapse_06_R3D_D3D_Z0_C0_T13.tif,6504.837177396907,5036.8875,5596.842105263158,Expt2020_017_setIII_STLC_GM132_RO3306_mKate2-Astrin_Nuf2-GFP_GFP_timelapse_06_R3D_D3D_Z0_C1_T13.tif,4836.360106761566,4537.91,1.1572426332436216,2.23746447579607,0.517211623139574,cdki,set3_timelapse_cdki_cell_4,Expt2020_017_setIII_STLC_GM132_RO3306_mKate2-Astrin_Nuf2-GFP_GFP_timelapse_06_R3D_D3D
297,297,13_12,24,14863.916666666664,Expt2020_017_setIII_STLC_GM132_RO3306_mKate2-Astrin_Nuf2-GFP_GFP_timelapse_06_R3D_D3D_Z0_C0_T13.tif,6504.837177396907,5036.8875,6148.5,Expt2020_017_setIII_STLC_GM132_RO3306_mKate2-Astrin_Nuf2-GFP_GFP_timelapse_06_R3D_D3D_Z0_C1_T13.tif,4836.360106761566,4537.91,1.2713073187838042,2.285055914745414,0.5563572035940508,cdki,set3_timelapse_cdki_cell_4,Expt2020_017_setIII_STLC_GM132_RO3306_mKate2-Astrin_Nuf2-GFP_GFP_timelapse_06_R3D_D3D
298,298,13_13,26,15907.384615384617,Expt2020_017_setIII_STLC_GM132_RO3306_mKate2-Astrin_Nuf2-GFP_GFP_timelapse_06_R3D_D3D_Z0_C0_T13.tif,6504.837177396907,5036.8875,4837.115384615385,Expt2020_017_setIII_STLC_GM132_RO3306_mKate2-Astrin_Nuf2-GFP_GFP_timelapse_06_R3D_D3D_Z0_C1_T13.tif,4836.360106761566,4537.91,1.000156166587505,2.4454700681301915,0.4089831969819304,cdki,set3_timelapse_cdki_cell_4,Expt2020_017_setIII_STLC_GM132_RO3306_mKate2-Astrin_Nuf2-GFP_GFP_timelapse_06_R3D_D3D
299,299,13_14,32,14424.1875,Expt2020_017_setIII_STLC_GM132_RO3306_mKate2-Astrin_Nuf2-GFP_GFP_timelapse_06_R3D_D3D_Z0_C0_T13.tif,6504.837177396907,5036.8875,5539.96875,Expt2020_017_setIII_STLC_GM132_RO3306_mKate2-Astrin_Nuf2-GFP_GFP_timelapse_06_R3D_D3D_Z0_C1_T13.tif,4836.360106761566,4537.91,1.1454830963175675,2.217455580613356,0.5165754418407439,cdki,set3_timelapse_cdki_cell_4,Expt2020_017_setIII_STLC_GM132_RO3306_mKate2-Astrin_Nuf2-GFP_GFP_timelapse_06_R3D_D3D
300,300,13_15,26,13376.384615384617,Expt2020_017_setIII_STLC_GM132_RO3306_mKate2-Astrin_Nuf2-GFP_GFP_timelapse_06_R3D_D3D_Z0_C0_T13.tif,6504.837177396907,5036.8875,5376.961538461538,Expt2020_017_setIII_STLC_GM132_RO3306_mKate2-Astrin_Nuf2-GFP_GFP_timelapse_06_R3D_D3D_Z0_C1_T13.tif,4836.360106761566,4537.91,1.1117785730934662,2.0563750099487583,0.5406497198782677,cdki,set3_timelapse_cdki_cell_4,Expt2020_017_setIII_STLC_GM132_RO3306_mKate2-Astrin_Nuf2-GFP_GFP_timelapse_06_R3D_D3D
301,301,13_16,120,15855.716666666667,Expt2020_017_setIII_STLC_GM132_RO3306_mKate2-Astrin_Nuf2-GFP_GFP_timelapse_06_R3D_D3D_Z0_C0_T13.tif,6504.837177396907,5036.8875,5282.033333333334,Expt2020_017_setIII_STLC_GM132_RO3306_mKate2-Astrin_Nuf2-GFP_GFP_timelapse_06_R3D_D3D_Z0_C1_T13.tif,4836.360106761566,4537.91,1.092150546430297,2.4375270639766846,0.4480567877874211,cdki,set3_timelapse_cdki_cell_4,Expt2020_017_setIII_STLC_GM132_RO3306_mKate2-Astrin_Nuf2-GFP_GFP_timelapse_06_R3D_D3D
302,302,13_17,12,12246.75,Expt2020_017_setIII_STLC_GM132_RO3306_mKate2-Astrin_Nuf2-GFP_GFP_timelapse_06_R3D_D3D_Z0_C0_T13.tif,6504.837177396907,5036.8875,6337.833333333332,Expt2020_017_setIII_STLC_GM132_RO3306_mKate2-Astrin_Nuf2-GFP_GFP_timelapse_06_R3D_D3D_Z0_C1_T13.tif,4836.360106761566,4537.91,1.310455217028319,1.8827143041420265,0.6960457113143929,cdki,set3_timelapse_cdki_cell_4,Expt2020_017_setIII_STLC_GM132_RO3306_mKate2-Astrin_Nuf2-GFP_GFP_timelapse_06_R3D_D3D
303,303,13_18,53,15418.09433962264,Expt2020_017_setIII_STLC_GM132_RO3306_mKate2-Astrin_Nuf2-GFP_GFP_timelapse_06_R3D_D3D_Z0_C0_T13.tif,6504.837177396907,5036.8875,5296.981132075472,Expt2020_017_setIII_STLC_GM132_RO3306_mKate2-Astrin_Nuf2-GFP_GFP_timelapse_06_R3D_D3D_Z0_C1_T13.tif,4836.360106761566,4537.91,1.0952412589521456,2.3702506179858944,0.4620782505618836,cdki,set3_timelapse_cdki_cell_4,Expt2020_017_setIII_STLC_GM132_RO3306_mKate2-Astrin_Nuf2-GFP_GFP_timelapse_06_R3D_D3D
306,306,14_1,55,17259.236363636366,Expt2020_017_setIII_STLC_GM132_RO3306_mKate2-Astrin_Nuf2-GFP_GFP_timelapse_06_R3D_D3D_Z0_C0_T14.tif,6483.039183211811,5056.6425,4760.018181818182,Expt2020_017_setIII_STLC_GM132_RO3306_mKate2-Astrin_Nuf2-GFP_GFP_timelapse_06_R3D_D3D_Z0_C1_T14.tif,4857.973052707322,4501.13,0.9798362671372682,2.6622137975550286,0.3680531849234452,cdki,set3_timelapse_cdki_cell_4,Expt2020_017_setIII_STLC_GM132_RO3306_mKate2-Astrin_Nuf2-GFP_GFP_timelapse_06_R3D_D3D
307,307,14_2,12,13177.916666666664,Expt2020_017_setIII_STLC_GM132_RO3306_mKate2-Astrin_Nuf2-GFP_GFP_timelapse_06_R3D_D3D_Z0_C0_T14.tif,6483.039183211811,5056.6425,4802.0,Expt2020_017_setIII_STLC_GM132_RO3306_mKate2-Astrin_Nuf2-GFP_GFP_timelapse_06_R3D_D3D_Z0_C1_T14.tif,4857.973052707322,4501.13,0.9884781055596576,2.0326757704614233,0.48629403662113324,cdki,set3_timelapse_cdki_cell_4,Expt2020_017_setIII_STLC_GM132_RO3306_mKate2-Astrin_Nuf2-GFP_GFP_timelapse_06_R3D_D3D
308,308,14_3,38,14011.184210526317,Expt2020_017_setIII_STLC_GM132_RO3306_mKate2-Astrin_Nuf2-GFP_GFP_timelapse_06_R3D_D3D_Z0_C0_T14.tif,6483.039183211811,5056.6425,5445.368421052632,Expt2020_017_setIII_STLC_GM132_RO3306_mKate2-Astrin_Nuf2-GFP_GFP_timelapse_06_R3D_D3D_Z0_C1_T14.tif,4857.973052707322,4501.13,1.1209136736602434,2.1612061588042,0.5186518968095332,cdki,set3_timelapse_cdki_cell_4,Expt2020_017_setIII_STLC_GM132_RO3306_mKate2-Astrin_Nuf2-GFP_GFP_timelapse_06_R3D_D3D
309,309,14_4,64,16443.765625,Expt2020_017_setIII_STLC_GM132_RO3306_mKate2-Astrin_Nuf2-GFP_GFP_timelapse_06_R3D_D3D_Z0_C0_T14.tif,6483.039183211811,5056.6425,6717.109375,Expt2020_017_setIII_STLC_GM132_RO3306_mKate2-Astrin_Nuf2-GFP_GFP_timelapse_06_R3D_D3D_Z0_C1_T14.tif,4857.973052707322,4501.13,1.3826979487374045,2.536428542277215,0.5451357787891841,cdki,set3_timelapse_cdki_cell_4,Expt2020_017_setIII_STLC_GM132_RO3306_mKate2-Astrin_Nuf2-GFP_GFP_timelapse_06_R3D_D3D
311,311,14_6,57,16431.701754385966,Expt2020_017_setIII_STLC_GM132_RO3306_mKate2-Astrin_Nuf2-GFP_GFP_timelapse_06_R3D_D3D_Z0_C0_T14.tif,6483.039183211811,5056.6425,5244.964912280701,Expt2020_017_setIII_STLC_GM132_RO3306_mKate2-Astrin_Nuf2-GFP_GFP_timelapse_06_R3D_D3D_Z0_C1_T14.tif,4857.973052707322,4501.13,1.0796611787209711,2.5345677065992085,0.42597448705350294,cdki,set3_timelapse_cdki_cell_4,Expt2020_017_setIII_STLC_GM132_RO3306_mKate2-Astrin_Nuf2-GFP_GFP_timelapse_06_R3D_D3D
312,312,14_7,34,14038.676470588234,Expt2020_017_setIII_STLC_GM132_RO3306_mKate2-Astrin_Nuf2-GFP_GFP_timelapse_06_R3D_D3D_Z0_C0_T14.tif,6483.039183211811,5056.6425,6051.147058823531,Expt2020_017_setIII_STLC_GM132_RO3306_mKate2-Astrin_Nuf2-GFP_GFP_timelapse_06_R3D_D3D_Z0_C1_T14.tif,4857.973052707322,4501.13,1.2456114912887917,2.165446802626485,0.5752214692034832,cdki,set3_timelapse_cdki_cell_4,Expt2020_017_setIII_STLC_GM132_RO3306_mKate2-Astrin_Nuf2-GFP_GFP_timelapse_06_R3D_D3D
313,313,14_8,26,13195.03846153846,Expt2020_017_setIII_STLC_GM132_RO3306_mKate2-Astrin_Nuf2-GFP_GFP_timelapse_06_R3D_D3D_Z0_C0_T14.tif,6483.039183211811,5056.6425,5375.5,Expt2020_017_setIII_STLC_GM132_RO3306_mKate2-Astrin_Nuf2-GFP_GFP_timelapse_06_R3D_D3D_Z0_C1_T14.tif,4857.973052707322,4501.13,1.106531456983744,2.035316784095296,0.5436654704715169,cdki,set3_timelapse_cdki_cell_4,Expt2020_017_setIII_STLC_GM132_RO3306_mKate2-Astrin_Nuf2-GFP_GFP_timelapse_06_R3D_D3D
314,314,14_9,53,15425.075471698114,Expt2020_017_setIII_STLC_GM132_RO3306_mKate2-Astrin_Nuf2-GFP_GFP_timelapse_06_R3D_D3D_Z0_C0_T14.tif,6483.039183211811,5056.6425,5899.396226415094,Expt2020_017_setIII_STLC_GM132_RO3306_mKate2-Astrin_Nuf2-GFP_GFP_timelapse_06_R3D_D3D_Z0_C1_T14.tif,4857.973052707322,4501.13,1.2143740120434372,2.379296967947101,0.5103919470343461,cdki,set3_timelapse_cdki_cell_4,Expt2020_017_setIII_STLC_GM132_RO3306_mKate2-Astrin_Nuf2-GFP_GFP_timelapse_06_R3D_D3D
315,315,14_10,32,14711.0,Expt2020_017_setIII_STLC_GM132_RO3306_mKate2-Astrin_Nuf2-GFP_GFP_timelapse_06_R3D_D3D_Z0_C0_T14.tif,6483.039183211811,5056.6425,5515.96875,Expt2020_017_setIII_STLC_GM132_RO3306_mKate2-Astrin_Nuf2-GFP_GFP_timelapse_06_R3D_D3D_Z0_C1_T14.tif,4857.973052707322,4501.13,1.1354465515048464,2.2691517950554654,0.5003836913771088,cdki,set3_timelapse_cdki_cell_4,Expt2020_017_setIII_STLC_GM132_RO3306_mKate2-Astrin_Nuf2-GFP_GFP_timelapse_06_R3D_D3D
316,316,14_11,20,13792.05,Expt2020_017_setIII_STLC_GM132_RO3306_mKate2-Astrin_Nuf2-GFP_GFP_timelapse_06_R3D_D3D_Z0_C0_T14.tif,6483.039183211811,5056.6425,5735.95,Expt2020_017_setIII_STLC_GM132_RO3306_mKate2-Astrin_Nuf2-GFP_GFP_timelapse_06_R3D_D3D_Z0_C1_T14.tif,4857.973052707322,4501.13,1.1807290690514198,2.1274050040782226,0.5550090682253588,cdki,set3_timelapse_cdki_cell_4,Expt2020_017_setIII_STLC_GM132_RO3306_mKate2-Astrin_Nuf2-GFP_GFP_timelapse_06_R3D_D3D
317,317,14_12,26,16022.807692307693,Expt2020_017_setIII_STLC_GM132_RO3306_mKate2-Astrin_Nuf2-GFP_GFP_timelapse_06_R3D_D3D_Z0_C0_T14.tif,6483.039183211811,5056.6425,4077.5384615384614,Expt2020_017_setIII_STLC_GM132_RO3306_mKate2-Astrin_Nuf2-GFP_GFP_timelapse_06_R3D_D3D_Z0_C1_T14.tif,4857.973052707322,4501.13,0.8393497488146979,2.471496352173783,0.3396119715396121,cdki,set3_timelapse_cdki_cell_4,Expt2020_017_setIII_STLC_GM132_RO3306_mKate2-Astrin_Nuf2-GFP_GFP_timelapse_06_R3D_D3D
318,318,14_13,8,12746.375,Expt2020_017_setIII_STLC_GM132_RO3306_mKate2-Astrin_Nuf2-GFP_GFP_timelapse_06_R3D_D3D_Z0_C0_T14.tif,6483.039183211811,5056.6425,5406.875,Expt2020_017_setIII_STLC_GM132_RO3306_mKate2-Astrin_Nuf2-GFP_GFP_timelapse_06_R3D_D3D_Z0_C1_T14.tif,4857.973052707322,4501.13,1.1129899119112607,1.9661110537489028,0.566087001946841,cdki,set3_timelapse_cdki_cell_4,Expt2020_017_setIII_STLC_GM132_RO3306_mKate2-Astrin_Nuf2-GFP_GFP_timelapse_06_R3D_D3D
319,319,14_14,26,14983.307692307693,Expt2020_017_setIII_STLC_GM132_RO3306_mKate2-Astrin_Nuf2-GFP_GFP_timelapse_06_R3D_D3D_Z0_C0_T14.tif,6483.039183211811,5056.6425,6029.846153846153,Expt2020_017_setIII_STLC_GM132_RO3306_mKate2-Astrin_Nuf2-GFP_GFP_timelapse_06_R3D_D3D_Z0_C1_T14.tif,4857.973052707322,4501.13,1.2412267603019644,2.3111548872182968,0.5370590985340249,cdki,set3_timelapse_cdki_cell_4,Expt2020_017_setIII_STLC_GM132_RO3306_mKate2-Astrin_Nuf2-GFP_GFP_timelapse_06_R3D_D3D
320,320,14_15,32,14443.15625,Expt2020_017_setIII_STLC_GM132_RO3306_mKate2-Astrin_Nuf2-GFP_GFP_timelapse_06_R3D_D3D_Z0_C0_T14.tif,6483.039183211811,5056.6425,5753.71875,Expt2020_017_setIII_STLC_GM132_RO3306_mKate2-Astrin_Nuf2-GFP_GFP_timelapse_06_R3D_D3D_Z0_C1_T14.tif,4857.973052707322,4501.13,1.1843867159356687,2.227837259938418,0.5316307152383328,cdki,set3_timelapse_cdki_cell_4,Expt2020_017_setIII_STLC_GM132_RO3306_mKate2-Astrin_Nuf2-GFP_GFP_timelapse_06_R3D_D3D
321,321,14_16,100,17036.48,Expt2020_017_setIII_STLC_GM132_RO3306_mKate2-Astrin_Nuf2-GFP_GFP_timelapse_06_R3D_D3D_Z0_C0_T14.tif,6483.039183211811,5056.6425,5296.94,Expt2020_017_setIII_STLC_GM132_RO3306_mKate2-Astrin_Nuf2-GFP_GFP_timelapse_06_R3D_D3D_Z0_C1_T14.tif,4857.973052707322,4501.13,1.0903601033867498,2.6278539306251467,0.4149241670854062,cdki,set3_timelapse_cdki_cell_4,Expt2020_017_setIII_STLC_GM132_RO3306_mKate2-Astrin_Nuf2-GFP_GFP_timelapse_06_R3D_D3D
322,322,14_17,57,15109.982456140351,Expt2020_017_setIII_STLC_GM132_RO3306_mKate2-Astrin_Nuf2-GFP_GFP_timelapse_06_R3D_D3D_Z0_C0_T14.tif,6483.039183211811,5056.6425,5763.77192982456,Expt2020_017_setIII_STLC_GM132_RO3306_mKate2-Astrin_Nuf2-GFP_GFP_timelapse_06_R3D_D3D_Z0_C1_T14.tif,4857.973052707322,4501.13,1.1864561345420477,2.3306942977097047,0.5090569517023054,cdki,set3_timelapse_cdki_cell_4,Expt2020_017_setIII_STLC_GM132_RO3306_mKate2-Astrin_Nuf2-GFP_GFP_timelapse_06_R3D_D3D
326,326,15_1,45,18375.4,Expt2020_017_setIII_STLC_GM132_RO3306_mKate2-Astrin_Nuf2-GFP_GFP_timelapse_06_R3D_D3D_Z0_C0_T15.tif,6497.55934812435,4977.1125,5090.155555555555,Expt2020_017_setIII_STLC_GM132_RO3306_mKate2-Astrin_Nuf2-GFP_GFP_timelapse_06_R3D_D3D_Z0_C1_T15.tif,4840.794520041414,4384.7975,1.0515124189803469,2.828046504154583,0.37181581612452524,cdki,set3_timelapse_cdki_cell_4,Expt2020_017_setIII_STLC_GM132_RO3306_mKate2-Astrin_Nuf2-GFP_GFP_timelapse_06_R3D_D3D
327,327,15_2,26,15317.76923076923,Expt2020_017_setIII_STLC_GM132_RO3306_mKate2-Astrin_Nuf2-GFP_GFP_timelapse_06_R3D_D3D_Z0_C0_T15.tif,6497.55934812435,4977.1125,4966.038461538462,Expt2020_017_setIII_STLC_GM132_RO3306_mKate2-Astrin_Nuf2-GFP_GFP_timelapse_06_R3D_D3D_Z0_C1_T15.tif,4840.794520041414,4384.7975,1.0258726002474436,2.3574650742037484,0.43515919343744247,cdki,set3_timelapse_cdki_cell_4,Expt2020_017_setIII_STLC_GM132_RO3306_mKate2-Astrin_Nuf2-GFP_GFP_timelapse_06_R3D_D3D
328,328,15_3,32,17504.25,Expt2020_017_setIII_STLC_GM132_RO3306_mKate2-Astrin_Nuf2-GFP_GFP_timelapse_06_R3D_D3D_Z0_C0_T15.tif,6497.55934812435,4977.1125,5143.71875,Expt2020_017_setIII_STLC_GM132_RO3306_mKate2-Astrin_Nuf2-GFP_GFP_timelapse_06_R3D_D3D_Z0_C1_T15.tif,4840.794520041414,4384.7975,1.062577378301113,2.6939730846864753,0.3944276148641536,cdki,set3_timelapse_cdki_cell_4,Expt2020_017_setIII_STLC_GM132_RO3306_mKate2-Astrin_Nuf2-GFP_GFP_timelapse_06_R3D_D3D
329,329,15_4,59,18196.20338983051,Expt2020_017_setIII_STLC_GM132_RO3306_mKate2-Astrin_Nuf2-GFP_GFP_timelapse_06_R3D_D3D_Z0_C0_T15.tif,6497.55934812435,4977.1125,6561.694915254238,Expt2020_017_setIII_STLC_GM132_RO3306_mKate2-Astrin_Nuf2-GFP_GFP_timelapse_06_R3D_D3D_Z0_C1_T15.tif,4840.794520041414,4384.7975,1.3554995751395995,2.8004674393752484,0.4840261865147754,cdki,set3_timelapse_cdki_cell_4,Expt2020_017_setIII_STLC_GM132_RO3306_mKate2-Astrin_Nuf2-GFP_GFP_timelapse_06_R3D_D3D
331,331,15_6,12,14341.416666666664,Expt2020_017_setIII_STLC_GM132_RO3306_mKate2-Astrin_Nuf2-GFP_GFP_timelapse_06_R3D_D3D_Z0_C0_T15.tif,6497.55934812435,4977.1125,5209.583333333333,Expt2020_017_setIII_STLC_GM132_RO3306_mKate2-Astrin_Nuf2-GFP_GFP_timelapse_06_R3D_D3D_Z0_C1_T15.tif,4840.794520041414,4384.7975,1.076183529741883,2.20720056536407,0.4875784949630847,cdki,set3_timelapse_cdki_cell_4,Expt2020_017_setIII_STLC_GM132_RO3306_mKate2-Astrin_Nuf2-GFP_GFP_timelapse_06_R3D_D3D
332,332,15_7,47,16661.65957446808,Expt2020_017_setIII_STLC_GM132_RO3306_mKate2-Astrin_Nuf2-GFP_GFP_timelapse_06_R3D_D3D_Z0_C0_T15.tif,6497.55934812435,4977.1125,5315.234042553191,Expt2020_017_setIII_STLC_GM132_RO3306_mKate2-Astrin_Nuf2-GFP_GFP_timelapse_06_R3D_D3D_Z0_C1_T15.tif,4840.794520041414,4384.7975,1.0980086059318457,2.564295096323791,0.4281912044779737,cdki,set3_timelapse_cdki_cell_4,Expt2020_017_setIII_STLC_GM132_RO3306_mKate2-Astrin_Nuf2-GFP_GFP_timelapse_06_R3D_D3D
333,333,15_8,33,16215.272727272728,Expt2020_017_setIII_STLC_GM132_RO3306_mKate2-Astrin_Nuf2-GFP_GFP_timelapse_06_R3D_D3D_Z0_C0_T15.tif,6497.55934812435,4977.1125,6269.787878787878,Expt2020_017_setIII_STLC_GM132_RO3306_mKate2-Astrin_Nuf2-GFP_GFP_timelapse_06_R3D_D3D_Z0_C1_T15.tif,4840.794520041414,4384.7975,1.2951981028796566,2.495594400681171,0.5189938327021943,cdki,set3_timelapse_cdki_cell_4,Expt2020_017_setIII_STLC_GM132_RO3306_mKate2-Astrin_Nuf2-GFP_GFP_timelapse_06_R3D_D3D
334,334,15_9,21,13356.619047619048,Expt2020_017_setIII_STLC_GM132_RO3306_mKate2-Astrin_Nuf2-GFP_GFP_timelapse_06_R3D_D3D_Z0_C0_T15.tif,6497.55934812435,4977.1125,5810.714285714284,Expt2020_017_setIII_STLC_GM132_RO3306_mKate2-Astrin_Nuf2-GFP_GFP_timelapse_06_R3D_D3D_Z0_C1_T15.tif,4840.794520041414,4384.7975,1.2003637546806205,2.0556363292741144,0.5839377994961261,cdki,set3_timelapse_cdki_cell_4,Expt2020_017_setIII_STLC_GM132_RO3306_mKate2-Astrin_Nuf2-GFP_GFP_timelapse_06_R3D_D3D
335,335,15_10,24,14305.625,Expt2020_017_setIII_STLC_GM132_RO3306_mKate2-Astrin_Nuf2-GFP_GFP_timelapse_06_R3D_D3D_Z0_C0_T15.tif,6497.55934812435,4977.1125,5277.291666666667,Expt2020_017_setIII_STLC_GM132_RO3306_mKate2-Astrin_Nuf2-GFP_GFP_timelapse_06_R3D_D3D_Z0_C1_T15.tif,4840.794520041414,4384.7975,1.0901705587415675,2.2016920867570993,0.49515123631447205,cdki,set3_timelapse_cdki_cell_4,Expt2020_017_setIII_STLC_GM132_RO3306_mKate2-Astrin_Nuf2-GFP_GFP_timelapse_06_R3D_D3D
336,336,15_11,50,16786.1,Expt2020_017_setIII_STLC_GM132_RO3306_mKate2-Astrin_Nuf2-GFP_GFP_timelapse_06_R3D_D3D_Z0_C0_T15.tif,6497.55934812435,4977.1125,5273.32,Expt2020_017_setIII_STLC_GM132_RO3306_mKate2-Astrin_Nuf2-GFP_GFP_timelapse_06_R3D_D3D_Z0_C1_T15.tif,4840.794520041414,4384.7975,1.0893501011389521,2.5834469684137074,0.42166536199805826,cdki,set3_timelapse_cdki_cell_4,Expt2020_017_setIII_STLC_GM132_RO3306_mKate2-Astrin_Nuf2-GFP_GFP_timelapse_06_R3D_D3D
337,337,15_12,21,14554.761904761905,Expt2020_017_setIII_STLC_GM132_RO3306_mKate2-Astrin_Nuf2-GFP_GFP_timelapse_06_R3D_D3D_Z0_C0_T15.tif,6497.55934812435,4977.1125,4354.0,Expt2020_017_setIII_STLC_GM132_RO3306_mKate2-Astrin_Nuf2-GFP_GFP_timelapse_06_R3D_D3D_Z0_C1_T15.tif,4840.794520041414,4384.7975,0.8994391276006383,2.240035238610545,0.4015290081590613,cdki,set3_timelapse_cdki_cell_4,Expt2020_017_setIII_STLC_GM132_RO3306_mKate2-Astrin_Nuf2-GFP_GFP_timelapse_06_R3D_D3D
338,338,15_13,16,13906.6875,Expt2020_017_setIII_STLC_GM132_RO3306_mKate2-Astrin_Nuf2-GFP_GFP_timelapse_06_R3D_D3D_Z0_C0_T15.tif,6497.55934812435,4977.1125,5017.625,Expt2020_017_setIII_STLC_GM132_RO3306_mKate2-Astrin_Nuf2-GFP_GFP_timelapse_06_R3D_D3D_Z0_C1_T15.tif,4840.794520041414,4384.7975,1.0365292266024695,2.140294032714675,0.48429291058096896,cdki,set3_timelapse_cdki_cell_4,Expt2020_017_setIII_STLC_GM132_RO3306_mKate2-Astrin_Nuf2-GFP_GFP_timelapse_06_R3D_D3D
339,339,15_14,16,14097.0625,Expt2020_017_setIII_STLC_GM132_RO3306_mKate2-Astrin_Nuf2-GFP_GFP_timelapse_06_R3D_D3D_Z0_C0_T15.tif,6497.55934812435,4977.1125,6024.6875,Expt2020_017_setIII_STLC_GM132_RO3306_mKate2-Astrin_Nuf2-GFP_GFP_timelapse_06_R3D_D3D_Z0_C1_T15.tif,4840.794520041414,4384.7975,1.2445658403919315,2.1695934957592033,0.5736401048512648,cdki,set3_timelapse_cdki_cell_4,Expt2020_017_setIII_STLC_GM132_RO3306_mKate2-Astrin_Nuf2-GFP_GFP_timelapse_06_R3D_D3D
340,340,15_15,50,15007.26,Expt2020_017_setIII_STLC_GM132_RO3306_mKate2-Astrin_Nuf2-GFP_GFP_timelapse_06_R3D_D3D_Z0_C0_T15.tif,6497.55934812435,4977.1125,4826.7,Expt2020_017_setIII_STLC_GM132_RO3306_mKate2-Astrin_Nuf2-GFP_GFP_timelapse_06_R3D_D3D_Z0_C1_T15.tif,4840.794520041414,4384.7975,0.9970883870440975,2.3096764794202524,0.43170045498942555,cdki,set3_timelapse_cdki_cell_4,Expt2020_017_setIII_STLC_GM132_RO3306_mKate2-Astrin_Nuf2-GFP_GFP_timelapse_06_R3D_D3D
341,341,15_16,41,15603.707317073171,Expt2020_017_setIII_STLC_GM132_RO3306_mKate2-Astrin_Nuf2-GFP_GFP_timelapse_06_R3D_D3D_Z0_C0_T15.tif,6497.55934812435,4977.1125,6042.2682926829275,Expt2020_017_setIII_STLC_GM132_RO3306_mKate2-Astrin_Nuf2-GFP_GFP_timelapse_06_R3D_D3D_Z0_C1_T15.tif,4840.794520041414,4384.7975,1.2481976393890055,2.401472072983449,0.5197635456315415,cdki,set3_timelapse_cdki_cell_4,Expt2020_017_setIII_STLC_GM132_RO3306_mKate2-Astrin_Nuf2-GFP_GFP_timelapse_06_R3D_D3D
342,342,15_17,28,14223.964285714286,Expt2020_017_setIII_STLC_GM132_RO3306_mKate2-Astrin_Nuf2-GFP_GFP_timelapse_06_R3D_D3D_Z0_C0_T15.tif,6497.55934812435,4977.1125,5790.214285714284,Expt2020_017_setIII_STLC_GM132_RO3306_mKate2-Astrin_Nuf2-GFP_GFP_timelapse_06_R3D_D3D_Z0_C1_T15.tif,4840.794520041414,4384.7975,1.196128912669639,2.1891241808849835,0.5463960990034323,cdki,set3_timelapse_cdki_cell_4,Expt2020_017_setIII_STLC_GM132_RO3306_mKate2-Astrin_Nuf2-GFP_GFP_timelapse_06_R3D_D3D
343,343,15_18,96,16735.34375,Expt2020_017_setIII_STLC_GM132_RO3306_mKate2-Astrin_Nuf2-GFP_GFP_timelapse_06_R3D_D3D_Z0_C0_T15.tif,6497.55934812435,4977.1125,5181.15625,Expt2020_017_setIII_STLC_GM132_RO3306_mKate2-Astrin_Nuf2-GFP_GFP_timelapse_06_R3D_D3D_Z0_C1_T15.tif,4840.794520041414,4384.7975,1.0703111294126308,2.575635381434567,0.41555226998648126,cdki,set3_timelapse_cdki_cell_4,Expt2020_017_setIII_STLC_GM132_RO3306_mKate2-Astrin_Nuf2-GFP_GFP_timelapse_06_R3D_D3D
344,344,15_19,21,13095.285714285714,Expt2020_017_setIII_STLC_GM132_RO3306_mKate2-Astrin_Nuf2-GFP_GFP_timelapse_06_R3D_D3D_Z0_C0_T15.tif,6497.55934812435,4977.1125,4871.285714285715,Expt2020_017_setIII_STLC_GM132_RO3306_mKate2-Astrin_Nuf2-GFP_GFP_timelapse_06_R3D_D3D_Z0_C1_T15.tif,4840.794520041414,4384.7975,1.0062987995293053,2.0154160989796774,0.4993007647595716,cdki,set3_timelapse_cdki_cell_4,Expt2020_017_setIII_STLC_GM132_RO3306_mKate2-Astrin_Nuf2-GFP_GFP_timelapse_06_R3D_D3D
345,345,15_20,52,15248.865384615383,Expt2020_017_setIII_STLC_GM132_RO3306_mKate2-Astrin_Nuf2-GFP_GFP_timelapse_06_R3D_D3D_Z0_C0_T15.tif,6497.55934812435,4977.1125,5569.153846153847,Expt2020_017_setIII_STLC_GM132_RO3306_mKate2-Astrin_Nuf2-GFP_GFP_timelapse_06_R3D_D3D_Z0_C1_T15.tif,4840.794520041414,4384.7975,1.1504627645517582,2.3468605006304823,0.4902135274945772,cdki,set3_timelapse_cdki_cell_4,Expt2020_017_setIII_STLC_GM132_RO3306_mKate2-Astrin_Nuf2-GFP_GFP_timelapse_06_R3D_D3D
348,348,16_1,48,16522.0625,Expt2020_017_setIII_STLC_GM132_RO3306_mKate2-Astrin_Nuf2-GFP_GFP_timelapse_06_R3D_D3D_Z0_C0_T16.tif,6414.519744664873,5019.555,4584.145833333333,Expt2020_017_setIII_STLC_GM132_RO3306_mKate2-Astrin_Nuf2-GFP_GFP_timelapse_06_R3D_D3D_Z0_C1_T16.tif,4606.794337550052,4391.1375,0.9950836736877723,2.575728683934887,0.3863309361324515,cdki,set3_timelapse_cdki_cell_4,Expt2020_017_setIII_STLC_GM132_RO3306_mKate2-Astrin_Nuf2-GFP_GFP_timelapse_06_R3D_D3D
349,349,16_2,38,14757.657894736842,Expt2020_017_setIII_STLC_GM132_RO3306_mKate2-Astrin_Nuf2-GFP_GFP_timelapse_06_R3D_D3D_Z0_C0_T16.tif,6414.519744664873,5019.555,4419.526315789473,Expt2020_017_setIII_STLC_GM132_RO3306_mKate2-Astrin_Nuf2-GFP_GFP_timelapse_06_R3D_D3D_Z0_C1_T16.tif,4606.794337550052,4391.1375,0.9593496023397108,2.300664505243932,0.4169880485194838,cdki,set3_timelapse_cdki_cell_4,Expt2020_017_setIII_STLC_GM132_RO3306_mKate2-Astrin_Nuf2-GFP_GFP_timelapse_06_R3D_D3D
350,350,16_3,36,17810.277777777777,Expt2020_017_setIII_STLC_GM132_RO3306_mKate2-Astrin_Nuf2-GFP_GFP_timelapse_06_R3D_D3D_Z0_C0_T16.tif,6414.519744664873,5019.555,5760.916666666668,Expt2020_017_setIII_STLC_GM132_RO3306_mKate2-Astrin_Nuf2-GFP_GFP_timelapse_06_R3D_D3D_Z0_C1_T16.tif,4606.794337550052,4391.1375,1.2505261239272931,2.7765567005372556,0.45038738941845485,cdki,set3_timelapse_cdki_cell_4,Expt2020_017_setIII_STLC_GM132_RO3306_mKate2-Astrin_Nuf2-GFP_GFP_timelapse_06_R3D_D3D
351,351,16_4,59,17739.745762711864,Expt2020_017_setIII_STLC_GM132_RO3306_mKate2-Astrin_Nuf2-GFP_GFP_timelapse_06_R3D_D3D_Z0_C0_T16.tif,6414.519744664873,5019.555,6128.627118644069,Expt2020_017_setIII_STLC_GM132_RO3306_mKate2-Astrin_Nuf2-GFP_GFP_timelapse_06_R3D_D3D_Z0_C1_T16.tif,4606.794337550052,4391.1375,1.3303452834196514,2.7655610191965634,0.4810399315673521,cdki,set3_timelapse_cdki_cell_4,Expt2020_017_setIII_STLC_GM132_RO3306_mKate2-Astrin_Nuf2-GFP_GFP_timelapse_06_R3D_D3D
352,352,16_5,34,14646.323529411766,Expt2020_017_setIII_STLC_GM132_RO3306_mKate2-Astrin_Nuf2-GFP_GFP_timelapse_06_R3D_D3D_Z0_C0_T16.tif,6414.519744664873,5019.555,4750.058823529413,Expt2020_017_setIII_STLC_GM132_RO3306_mKate2-Astrin_Nuf2-GFP_GFP_timelapse_06_R3D_D3D_Z0_C1_T16.tif,4606.794337550052,4391.1375,1.0310985200297764,2.2833078877952637,0.4515810266067068,cdki,set3_timelapse_cdki_cell_4,Expt2020_017_setIII_STLC_GM132_RO3306_mKate2-Astrin_Nuf2-GFP_GFP_timelapse_06_R3D_D3D
353,353,16_6,59,14971.542372881355,Expt2020_017_setIII_STLC_GM132_RO3306_mKate2-Astrin_Nuf2-GFP_GFP_timelapse_06_R3D_D3D_Z0_C0_T16.tif,6414.519744664873,5019.555,5497.542372881357,Expt2020_017_setIII_STLC_GM132_RO3306_mKate2-Astrin_Nuf2-GFP_GFP_timelapse_06_R3D_D3D_Z0_C1_T16.tif,4606.794337550052,4391.1375,1.1933552857072007,2.3340083075328573,0.5112900763273744,cdki,set3_timelapse_cdki_cell_4,Expt2020_017_setIII_STLC_GM132_RO3306_mKate2-Astrin_Nuf2-GFP_GFP_timelapse_06_R3D_D3D
355,355,16_8,38,14757.5,Expt2020_017_setIII_STLC_GM132_RO3306_mKate2-Astrin_Nuf2-GFP_GFP_timelapse_06_R3D_D3D_Z0_C0_T16.tif,6414.519744664873,5019.555,5854.447368421053,Expt2020_017_setIII_STLC_GM132_RO3306_mKate2-Astrin_Nuf2-GFP_GFP_timelapse_06_R3D_D3D_Z0_C1_T16.tif,4606.794337550052,4391.1375,1.2708288973747672,2.3006398900360714,0.5523806237032786,cdki,set3_timelapse_cdki_cell_4,Expt2020_017_setIII_STLC_GM132_RO3306_mKate2-Astrin_Nuf2-GFP_GFP_timelapse_06_R3D_D3D
356,356,16_9,26,14060.269230769229,Expt2020_017_setIII_STLC_GM132_RO3306_mKate2-Astrin_Nuf2-GFP_GFP_timelapse_06_R3D_D3D_Z0_C0_T16.tif,6414.519744664873,5019.555,5353.23076923077,Expt2020_017_setIII_STLC_GM132_RO3306_mKate2-Astrin_Nuf2-GFP_GFP_timelapse_06_R3D_D3D_Z0_C1_T16.tif,4606.794337550052,4391.1375,1.1620294671278255,2.1919441813962037,0.5301364318445587,cdki,set3_timelapse_cdki_cell_4,Expt2020_017_setIII_STLC_GM132_RO3306_mKate2-Astrin_Nuf2-GFP_GFP_timelapse_06_R3D_D3D
357,357,16_10,33,13290.060606060606,Expt2020_017_setIII_STLC_GM132_RO3306_mKate2-Astrin_Nuf2-GFP_GFP_timelapse_06_R3D_D3D_Z0_C0_T16.tif,6414.519744664873,5019.555,5755.575757575758,Expt2020_017_setIII_STLC_GM132_RO3306_mKate2-Astrin_Nuf2-GFP_GFP_timelapse_06_R3D_D3D_Z0_C1_T16.tif,4606.794337550052,4391.1375,1.249366769135312,2.0718714939047937,0.6030136390267469,cdki,set3_timelapse_cdki_cell_4,Expt2020_017_setIII_STLC_GM132_RO3306_mKate2-Astrin_Nuf2-GFP_GFP_timelapse_06_R3D_D3D
358,358,16_11,57,14617.649122807017,Expt2020_017_setIII_STLC_GM132_RO3306_mKate2-Astrin_Nuf2-GFP_GFP_timelapse_06_R3D_D3D_Z0_C0_T16.tif,6414.519744664873,5019.555,5148.964912280701,Expt2020_017_setIII_STLC_GM132_RO3306_mKate2-Astrin_Nuf2-GFP_GFP_timelapse_06_R3D_D3D_Z0_C1_T16.tif,4606.794337550052,4391.1375,1.1176893377486832,2.2788376534291452,0.4904646612569389,cdki,set3_timelapse_cdki_cell_4,Expt2020_017_setIII_STLC_GM132_RO3306_mKate2-Astrin_Nuf2-GFP_GFP_timelapse_06_R3D_D3D
359,359,16_12,65,13435.076923076924,Expt2020_017_setIII_STLC_GM132_RO3306_mKate2-Astrin_Nuf2-GFP_GFP_timelapse_06_R3D_D3D_Z0_C0_T16.tif,6414.519744664873,5019.555,4509.784615384616,Expt2020_017_setIII_STLC_GM132_RO3306_mKate2-Astrin_Nuf2-GFP_GFP_timelapse_06_R3D_D3D_Z0_C1_T16.tif,4606.794337550052,4391.1375,0.9789420332106628,2.094479003553031,0.46739166711626406,cdki,set3_timelapse_cdki_cell_4,Expt2020_017_setIII_STLC_GM132_RO3306_mKate2-Astrin_Nuf2-GFP_GFP_timelapse_06_R3D_D3D
360,360,16_13,26,13085.884615384617,Expt2020_017_setIII_STLC_GM132_RO3306_mKate2-Astrin_Nuf2-GFP_GFP_timelapse_06_R3D_D3D_Z0_C0_T16.tif,6414.519744664873,5019.555,4916.884615384615,Expt2020_017_setIII_STLC_GM132_RO3306_mKate2-Astrin_Nuf2-GFP_GFP_timelapse_06_R3D_D3D_Z0_C1_T16.tif,4606.794337550052,4391.1375,1.067311508852699,2.040041209050529,0.5231813475716232,cdki,set3_timelapse_cdki_cell_4,Expt2020_017_setIII_STLC_GM132_RO3306_mKate2-Astrin_Nuf2-GFP_GFP_timelapse_06_R3D_D3D
361,361,16_14,38,14801.973684210527,Expt2020_017_setIII_STLC_GM132_RO3306_mKate2-Astrin_Nuf2-GFP_GFP_timelapse_06_R3D_D3D_Z0_C0_T16.tif,6414.519744664873,5019.555,5010.131578947368,Expt2020_017_setIII_STLC_GM132_RO3306_mKate2-Astrin_Nuf2-GFP_GFP_timelapse_06_R3D_D3D_Z0_C1_T16.tif,4606.794337550052,4391.1375,1.087552691056709,2.3075731735835285,0.47129716340383787,cdki,set3_timelapse_cdki_cell_4,Expt2020_017_setIII_STLC_GM132_RO3306_mKate2-Astrin_Nuf2-GFP_GFP_timelapse_06_R3D_D3D
362,362,16_15,16,13656.0,Expt2020_017_setIII_STLC_GM132_RO3306_mKate2-Astrin_Nuf2-GFP_GFP_timelapse_06_R3D_D3D_Z0_C0_T16.tif,6414.519744664873,5019.555,5957.0625,Expt2020_017_setIII_STLC_GM132_RO3306_mKate2-Astrin_Nuf2-GFP_GFP_timelapse_06_R3D_D3D_Z0_C1_T16.tif,4606.794337550052,4391.1375,1.2931036342221514,2.1289200974645155,0.6073988571774965,cdki,set3_timelapse_cdki_cell_4,Expt2020_017_setIII_STLC_GM132_RO3306_mKate2-Astrin_Nuf2-GFP_GFP_timelapse_06_R3D_D3D
363,363,16_16,40,13948.675,Expt2020_017_setIII_STLC_GM132_RO3306_mKate2-Astrin_Nuf2-GFP_GFP_timelapse_06_R3D_D3D_Z0_C0_T16.tif,6414.519744664873,5019.555,5425.45,Expt2020_017_setIII_STLC_GM132_RO3306_mKate2-Astrin_Nuf2-GFP_GFP_timelapse_06_R3D_D3D_Z0_C1_T16.tif,4606.794337550052,4391.1375,1.1777061449817876,2.1745470518820187,0.541586876201419,cdki,set3_timelapse_cdki_cell_4,Expt2020_017_setIII_STLC_GM132_RO3306_mKate2-Astrin_Nuf2-GFP_GFP_timelapse_06_R3D_D3D
364,364,16_17,43,16167.767441860466,Expt2020_017_setIII_STLC_GM132_RO3306_mKate2-Astrin_Nuf2-GFP_GFP_timelapse_06_R3D_D3D_Z0_C0_T16.tif,6414.519744664873,5019.555,5462.674418604651,Expt2020_017_setIII_STLC_GM132_RO3306_mKate2-Astrin_Nuf2-GFP_GFP_timelapse_06_R3D_D3D_Z0_C1_T16.tif,4606.794337550052,4391.1375,1.185786475006776,2.52049538943389,0.47045770445670476,cdki,set3_timelapse_cdki_cell_4,Expt2020_017_setIII_STLC_GM132_RO3306_mKate2-Astrin_Nuf2-GFP_GFP_timelapse_06_R3D_D3D
365,365,16_18,103,16248.40776699029,Expt2020_017_setIII_STLC_GM132_RO3306_mKate2-Astrin_Nuf2-GFP_GFP_timelapse_06_R3D_D3D_Z0_C0_T16.tif,6414.519744664873,5019.555,5082.718446601943,Expt2020_017_setIII_STLC_GM132_RO3306_mKate2-Astrin_Nuf2-GFP_GFP_timelapse_06_R3D_D3D_Z0_C1_T16.tif,4606.794337550052,4391.1375,1.1033091721010044,2.533066919079098,0.43556258375602447,cdki,set3_timelapse_cdki_cell_4,Expt2020_017_setIII_STLC_GM132_RO3306_mKate2-Astrin_Nuf2-GFP_GFP_timelapse_06_R3D_D3D
366,366,16_19,16,12958.0,Expt2020_017_setIII_STLC_GM132_RO3306_mKate2-Astrin_Nuf2-GFP_GFP_timelapse_06_R3D_D3D_Z0_C0_T16.tif,6414.519744664873,5019.555,5893.875,Expt2020_017_setIII_STLC_GM132_RO3306_mKate2-Astrin_Nuf2-GFP_GFP_timelapse_06_R3D_D3D_Z0_C1_T16.tif,4606.794337550052,4391.1375,1.279387480348088,2.020104468581224,0.6333273849181859,cdki,set3_timelapse_cdki_cell_4,Expt2020_017_setIII_STLC_GM132_RO3306_mKate2-Astrin_Nuf2-GFP_GFP_timelapse_06_R3D_D3D
367,367,16_20,51,14961.254901960783,Expt2020_017_setIII_STLC_GM132_RO3306_mKate2-Astrin_Nuf2-GFP_GFP_timelapse_06_R3D_D3D_Z0_C0_T16.tif,6414.519744664873,5019.555,5253.431372549019,Expt2020_017_setIII_STLC_GM132_RO3306_mKate2-Astrin_Nuf2-GFP_GFP_timelapse_06_R3D_D3D_Z0_C1_T16.tif,4606.794337550052,4391.1375,1.1403659437818223,2.332404528710736,0.4889228818348132,cdki,set3_timelapse_cdki_cell_4,Expt2020_017_setIII_STLC_GM132_RO3306_mKate2-Astrin_Nuf2-GFP_GFP_timelapse_06_R3D_D3D
370,370,17_1,44,14818.886363636364,Expt2020_017_setIII_STLC_GM132_RO3306_mKate2-Astrin_Nuf2-GFP_GFP_timelapse_06_R3D_D3D_Z0_C0_T17.tif,6348.359129115844,4966.945,4621.818181818182,Expt2020_017_setIII_STLC_GM132_RO3306_mKate2-Astrin_Nuf2-GFP_GFP_timelapse_06_R3D_D3D_Z0_C1_T17.tif,4473.566067849454,4302.265,1.0331395829904433,2.3342860827881737,0.44259338673536364,cdki,set3_timelapse_cdki_cell_4,Expt2020_017_setIII_STLC_GM132_RO3306_mKate2-Astrin_Nuf2-GFP_GFP_timelapse_06_R3D_D3D
371,371,17_2,32,16802.40625,Expt2020_017_setIII_STLC_GM132_RO3306_mKate2-Astrin_Nuf2-GFP_GFP_timelapse_06_R3D_D3D_Z0_C0_T17.tif,6348.359129115844,4966.945,4299.90625,Expt2020_017_setIII_STLC_GM132_RO3306_mKate2-Astrin_Nuf2-GFP_GFP_timelapse_06_R3D_D3D_Z0_C1_T17.tif,4473.566067849454,4302.265,0.961180897920004,2.6467321568085462,0.36315760000400066,cdki,set3_timelapse_cdki_cell_4,Expt2020_017_setIII_STLC_GM132_RO3306_mKate2-Astrin_Nuf2-GFP_GFP_timelapse_06_R3D_D3D
372,372,17_3,44,15316.568181818182,Expt2020_017_setIII_STLC_GM132_RO3306_mKate2-Astrin_Nuf2-GFP_GFP_timelapse_06_R3D_D3D_Z0_C0_T17.tif,6348.359129115844,4966.945,5088.386363636364,Expt2020_017_setIII_STLC_GM132_RO3306_mKate2-Astrin_Nuf2-GFP_GFP_timelapse_06_R3D_D3D_Z0_C1_T17.tif,4473.566067849454,4302.265,1.1374340484664995,2.4126814300046333,0.471439799022416,cdki,set3_timelapse_cdki_cell_4,Expt2020_017_setIII_STLC_GM132_RO3306_mKate2-Astrin_Nuf2-GFP_GFP_timelapse_06_R3D_D3D
373,373,17_4,61,16584.40983606557,Expt2020_017_setIII_STLC_GM132_RO3306_mKate2-Astrin_Nuf2-GFP_GFP_timelapse_06_R3D_D3D_Z0_C0_T17.tif,6348.359129115844,4966.945,5666.295081967213,Expt2020_017_setIII_STLC_GM132_RO3306_mKate2-Astrin_Nuf2-GFP_GFP_timelapse_06_R3D_D3D_Z0_C1_T17.tif,4473.566067849454,4302.265,1.2666170558404497,2.612393139512782,0.48484932711034334,cdki,set3_timelapse_cdki_cell_4,Expt2020_017_setIII_STLC_GM132_RO3306_mKate2-Astrin_Nuf2-GFP_GFP_timelapse_06_R3D_D3D
374,374,17_5,36,16180.888888888889,Expt2020_017_setIII_STLC_GM132_RO3306_mKate2-Astrin_Nuf2-GFP_GFP_timelapse_06_R3D_D3D_Z0_C0_T17.tif,6348.359129115844,4966.945,5529.555555555556,Expt2020_017_setIII_STLC_GM132_RO3306_mKate2-Astrin_Nuf2-GFP_GFP_timelapse_06_R3D_D3D_Z0_C1_T17.tif,4473.566067849454,4302.265,1.2360509427356552,2.5488301086618668,0.4849483449426846,cdki,set3_timelapse_cdki_cell_4,Expt2020_017_setIII_STLC_GM132_RO3306_mKate2-Astrin_Nuf2-GFP_GFP_timelapse_06_R3D_D3D
375,375,17_6,43,15078.79069767442,Expt2020_017_setIII_STLC_GM132_RO3306_mKate2-Astrin_Nuf2-GFP_GFP_timelapse_06_R3D_D3D_Z0_C0_T17.tif,6348.359129115844,4966.945,5136.488372093023,Expt2020_017_setIII_STLC_GM132_RO3306_mKate2-Astrin_Nuf2-GFP_GFP_timelapse_06_R3D_D3D_Z0_C1_T17.tif,4473.566067849454,4302.265,1.1481865460773781,2.3752264783694574,0.4834008699943358,cdki,set3_timelapse_cdki_cell_4,Expt2020_017_setIII_STLC_GM132_RO3306_mKate2-Astrin_Nuf2-GFP_GFP_timelapse_06_R3D_D3D
376,376,17_7,16,13531.75,Expt2020_017_setIII_STLC_GM132_RO3306_mKate2-Astrin_Nuf2-GFP_GFP_timelapse_06_R3D_D3D_Z0_C0_T17.tif,6348.359129115844,4966.945,4484.125,Expt2020_017_setIII_STLC_GM132_RO3306_mKate2-Astrin_Nuf2-GFP_GFP_timelapse_06_R3D_D3D_Z0_C1_T17.tif,4473.566067849454,4302.265,1.0023602942239818,2.131535050992714,0.4702527850795394,cdki,set3_timelapse_cdki_cell_4,Expt2020_017_setIII_STLC_GM132_RO3306_mKate2-Astrin_Nuf2-GFP_GFP_timelapse_06_R3D_D3D
377,377,17_8,43,15767.697674418603,Expt2020_017_setIII_STLC_GM132_RO3306_mKate2-Astrin_Nuf2-GFP_GFP_timelapse_06_R3D_D3D_Z0_C0_T17.tif,6348.359129115844,4966.945,5629.674418604651,Expt2020_017_setIII_STLC_GM132_RO3306_mKate2-Astrin_Nuf2-GFP_GFP_timelapse_06_R3D_D3D_Z0_C1_T17.tif,4473.566067849454,4302.265,1.2584310443214186,2.483743807451331,0.5066670083066035,cdki,set3_timelapse_cdki_cell_4,Expt2020_017_setIII_STLC_GM132_RO3306_mKate2-Astrin_Nuf2-GFP_GFP_timelapse_06_R3D_D3D
378,378,17_9,26,14257.46153846154,Expt2020_017_setIII_STLC_GM132_RO3306_mKate2-Astrin_Nuf2-GFP_GFP_timelapse_06_R3D_D3D_Z0_C0_T17.tif,6348.359129115844,4966.945,6021.615384615385,Expt2020_017_setIII_STLC_GM132_RO3306_mKate2-Astrin_Nuf2-GFP_GFP_timelapse_06_R3D_D3D_Z0_C1_T17.tif,4473.566067849454,4302.265,1.346043691606887,2.2458498721459734,0.5993471372691105,cdki,set3_timelapse_cdki_cell_4,Expt2020_017_setIII_STLC_GM132_RO3306_mKate2-Astrin_Nuf2-GFP_GFP_timelapse_06_R3D_D3D
379,379,17_10,29,15825.172413793103,Expt2020_017_setIII_STLC_GM132_RO3306_mKate2-Astrin_Nuf2-GFP_GFP_timelapse_06_R3D_D3D_Z0_C0_T17.tif,6348.359129115844,4966.945,5281.448275862069,Expt2020_017_setIII_STLC_GM132_RO3306_mKate2-Astrin_Nuf2-GFP_GFP_timelapse_06_R3D_D3D_Z0_C1_T17.tif,4473.566067849454,4302.265,1.1805902038238998,2.492797286973449,0.4736005651134498,cdki,set3_timelapse_cdki_cell_4,Expt2020_017_setIII_STLC_GM132_RO3306_mKate2-Astrin_Nuf2-GFP_GFP_timelapse_06_R3D_D3D
380,380,17_11,36,14041.416666666664,Expt2020_017_setIII_STLC_GM132_RO3306_mKate2-Astrin_Nuf2-GFP_GFP_timelapse_06_R3D_D3D_Z0_C0_T17.tif,6348.359129115844,4966.945,4681.222222222223,Expt2020_017_setIII_STLC_GM132_RO3306_mKate2-Astrin_Nuf2-GFP_GFP_timelapse_06_R3D_D3D_Z0_C1_T17.tif,4473.566067849454,4302.265,1.0464184838724409,2.211818263756962,0.47310328385434786,cdki,set3_timelapse_cdki_cell_4,Expt2020_017_setIII_STLC_GM132_RO3306_mKate2-Astrin_Nuf2-GFP_GFP_timelapse_06_R3D_D3D
381,381,17_12,11,13638.181818181818,Expt2020_017_setIII_STLC_GM132_RO3306_mKate2-Astrin_Nuf2-GFP_GFP_timelapse_06_R3D_D3D_Z0_C0_T17.tif,6348.359129115844,4966.945,3960.363636363637,Expt2020_017_setIII_STLC_GM132_RO3306_mKate2-Astrin_Nuf2-GFP_GFP_timelapse_06_R3D_D3D_Z0_C1_T17.tif,4473.566067849454,4302.265,0.8852811328362642,2.148300299463564,0.41208444324907517,cdki,set3_timelapse_cdki_cell_4,Expt2020_017_setIII_STLC_GM132_RO3306_mKate2-Astrin_Nuf2-GFP_GFP_timelapse_06_R3D_D3D
382,382,17_13,26,14701.923076923076,Expt2020_017_setIII_STLC_GM132_RO3306_mKate2-Astrin_Nuf2-GFP_GFP_timelapse_06_R3D_D3D_Z0_C0_T17.tif,6348.359129115844,4966.945,5625.8076923076915,Expt2020_017_setIII_STLC_GM132_RO3306_mKate2-Astrin_Nuf2-GFP_GFP_timelapse_06_R3D_D3D_Z0_C1_T17.tif,4473.566067849454,4302.265,1.2575666944407387,2.3158619066610147,0.5430231788966575,cdki,set3_timelapse_cdki_cell_4,Expt2020_017_setIII_STLC_GM132_RO3306_mKate2-Astrin_Nuf2-GFP_GFP_timelapse_06_R3D_D3D
383,383,17_14,19,13838.789473684208,Expt2020_017_setIII_STLC_GM132_RO3306_mKate2-Astrin_Nuf2-GFP_GFP_timelapse_06_R3D_D3D_Z0_C0_T17.tif,6348.359129115844,4966.945,4936.578947368421,Expt2020_017_setIII_STLC_GM132_RO3306_mKate2-Astrin_Nuf2-GFP_GFP_timelapse_06_R3D_D3D_Z0_C1_T17.tif,4473.566067849454,4302.265,1.1034997298568003,2.179900221809219,0.5062157060294005,cdki,set3_timelapse_cdki_cell_4,Expt2020_017_setIII_STLC_GM132_RO3306_mKate2-Astrin_Nuf2-GFP_GFP_timelapse_06_R3D_D3D
384,384,17_15,34,15480.205882352939,Expt2020_017_setIII_STLC_GM132_RO3306_mKate2-Astrin_Nuf2-GFP_GFP_timelapse_06_R3D_D3D_Z0_C0_T17.tif,6348.359129115844,4966.945,4779.911764705882,Expt2020_017_setIII_STLC_GM132_RO3306_mKate2-Astrin_Nuf2-GFP_GFP_timelapse_06_R3D_D3D_Z0_C1_T17.tif,4473.566067849454,4302.265,1.0684790818354215,2.438457807365557,0.43817821190425965,cdki,set3_timelapse_cdki_cell_4,Expt2020_017_setIII_STLC_GM132_RO3306_mKate2-Astrin_Nuf2-GFP_GFP_timelapse_06_R3D_D3D
385,385,17_16,8,13520.5,Expt2020_017_setIII_STLC_GM132_RO3306_mKate2-Astrin_Nuf2-GFP_GFP_timelapse_06_R3D_D3D_Z0_C0_T17.tif,6348.359129115844,4966.945,4028.375,Expt2020_017_setIII_STLC_GM132_RO3306_mKate2-Astrin_Nuf2-GFP_GFP_timelapse_06_R3D_D3D_Z0_C1_T17.tif,4473.566067849454,4302.265,0.9004840744280171,2.1297629395271853,0.42280953326567305,cdki,set3_timelapse_cdki_cell_4,Expt2020_017_setIII_STLC_GM132_RO3306_mKate2-Astrin_Nuf2-GFP_GFP_timelapse_06_R3D_D3D
386,386,17_17,36,16245.083333333336,Expt2020_017_setIII_STLC_GM132_RO3306_mKate2-Astrin_Nuf2-GFP_GFP_timelapse_06_R3D_D3D_Z0_C0_T17.tif,6348.359129115844,4966.945,5572.25,Expt2020_017_setIII_STLC_GM132_RO3306_mKate2-Astrin_Nuf2-GFP_GFP_timelapse_06_R3D_D3D_Z0_C1_T17.tif,4473.566067849454,4302.265,1.245594658821862,2.558942082975044,0.4867615672542791,cdki,set3_timelapse_cdki_cell_4,Expt2020_017_setIII_STLC_GM132_RO3306_mKate2-Astrin_Nuf2-GFP_GFP_timelapse_06_R3D_D3D
387,387,17_18,105,16406.942857142858,Expt2020_017_setIII_STLC_GM132_RO3306_mKate2-Astrin_Nuf2-GFP_GFP_timelapse_06_R3D_D3D_Z0_C0_T17.tif,6348.359129115844,4966.945,5183.933333333333,Expt2020_017_setIII_STLC_GM132_RO3306_mKate2-Astrin_Nuf2-GFP_GFP_timelapse_06_R3D_D3D_Z0_C1_T17.tif,4473.566067849454,4302.265,1.1587921704318025,2.5844383601259664,0.4483729185846485,cdki,set3_timelapse_cdki_cell_4,Expt2020_017_setIII_STLC_GM132_RO3306_mKate2-Astrin_Nuf2-GFP_GFP_timelapse_06_R3D_D3D
388,388,17_19,30,15170.366666666667,Expt2020_017_setIII_STLC_GM132_RO3306_mKate2-Astrin_Nuf2-GFP_GFP_timelapse_06_R3D_D3D_Z0_C0_T17.tif,6348.359129115844,4966.945,5613.533333333334,Expt2020_017_setIII_STLC_GM132_RO3306_mKate2-Astrin_Nuf2-GFP_GFP_timelapse_06_R3D_D3D_Z0_C1_T17.tif,4473.566067849454,4302.265,1.2548229417413943,2.389651618335507,0.5251070625162639,cdki,set3_timelapse_cdki_cell_4,Expt2020_017_setIII_STLC_GM132_RO3306_mKate2-Astrin_Nuf2-GFP_GFP_timelapse_06_R3D_D3D
389,389,17_20,16,13102.3125,Expt2020_017_setIII_STLC_GM132_RO3306_mKate2-Astrin_Nuf2-GFP_GFP_timelapse_06_R3D_D3D_Z0_C0_T17.tif,6348.359129115844,4966.945,4540.5,Expt2020_017_setIII_STLC_GM132_RO3306_mKate2-Astrin_Nuf2-GFP_GFP_timelapse_06_R3D_D3D_Z0_C1_T17.tif,4473.566067849454,4302.265,1.014962097605216,2.0638896183280044,0.4917715020183375,cdki,set3_timelapse_cdki_cell_4,Expt2020_017_setIII_STLC_GM132_RO3306_mKate2-Astrin_Nuf2-GFP_GFP_timelapse_06_R3D_D3D
390,390,17_21,46,16125.41304347826,Expt2020_017_setIII_STLC_GM132_RO3306_mKate2-Astrin_Nuf2-GFP_GFP_timelapse_06_R3D_D3D_Z0_C0_T17.tif,6348.359129115844,4966.945,5774.326086956522,Expt2020_017_setIII_STLC_GM132_RO3306_mKate2-Astrin_Nuf2-GFP_GFP_timelapse_06_R3D_D3D_Z0_C1_T17.tif,4473.566067849454,4302.265,1.2907658005668783,2.5400914969541266,0.5081572069804023,cdki,set3_timelapse_cdki_cell_4,Expt2020_017_setIII_STLC_GM132_RO3306_mKate2-Astrin_Nuf2-GFP_GFP_timelapse_06_R3D_D3D
393,393,18_1,19,13038.842105263158,Expt2020_017_setIII_STLC_GM132_RO3306_mKate2-Astrin_Nuf2-GFP_GFP_timelapse_06_R3D_D3D_Z0_C0_T18.tif,6309.476240292924,5003.3525,4509.526315789473,Expt2020_017_setIII_STLC_GM132_RO3306_mKate2-Astrin_Nuf2-GFP_GFP_timelapse_06_R3D_D3D_Z0_C1_T18.tif,4357.7059305007815,4231.065,1.0348395205436096,2.066549046019994,0.5007572999714799,cdki,set3_timelapse_cdki_cell_4,Expt2020_017_setIII_STLC_GM132_RO3306_mKate2-Astrin_Nuf2-GFP_GFP_timelapse_06_R3D_D3D
394,394,18_2,36,15820.388888888889,Expt2020_017_setIII_STLC_GM132_RO3306_mKate2-Astrin_Nuf2-GFP_GFP_timelapse_06_R3D_D3D_Z0_C0_T18.tif,6309.476240292924,5003.3525,4145.86111111111,Expt2020_017_setIII_STLC_GM132_RO3306_mKate2-Astrin_Nuf2-GFP_GFP_timelapse_06_R3D_D3D_Z0_C1_T18.tif,4357.7059305007815,4231.065,0.951386159881301,2.507401293923315,0.379431151362562,cdki,set3_timelapse_cdki_cell_4,Expt2020_017_setIII_STLC_GM132_RO3306_mKate2-Astrin_Nuf2-GFP_GFP_timelapse_06_R3D_D3D
395,395,18_3,43,14726.651162790698,Expt2020_017_setIII_STLC_GM132_RO3306_mKate2-Astrin_Nuf2-GFP_GFP_timelapse_06_R3D_D3D_Z0_C0_T18.tif,6309.476240292924,5003.3525,4839.2558139534885,Expt2020_017_setIII_STLC_GM132_RO3306_mKate2-Astrin_Nuf2-GFP_GFP_timelapse_06_R3D_D3D_Z0_C1_T18.tif,4357.7059305007815,4231.065,1.110505364779713,2.334052875695907,0.47578415054055334,cdki,set3_timelapse_cdki_cell_4,Expt2020_017_setIII_STLC_GM132_RO3306_mKate2-Astrin_Nuf2-GFP_GFP_timelapse_06_R3D_D3D
396,396,18_4,68,16519.529411764706,Expt2020_017_setIII_STLC_GM132_RO3306_mKate2-Astrin_Nuf2-GFP_GFP_timelapse_06_R3D_D3D_Z0_C0_T18.tif,6309.476240292924,5003.3525,5538.397058823531,Expt2020_017_setIII_STLC_GM132_RO3306_mKate2-Astrin_Nuf2-GFP_GFP_timelapse_06_R3D_D3D_Z0_C1_T18.tif,4357.7059305007815,4231.065,1.2709432777596963,2.6182093065458267,0.48542462765760963,cdki,set3_timelapse_cdki_cell_4,Expt2020_017_setIII_STLC_GM132_RO3306_mKate2-Astrin_Nuf2-GFP_GFP_timelapse_06_R3D_D3D
397,397,18_5,38,15116.921052631576,Expt2020_017_setIII_STLC_GM132_RO3306_mKate2-Astrin_Nuf2-GFP_GFP_timelapse_06_R3D_D3D_Z0_C0_T18.tif,6309.476240292924,5003.3525,4863.263157894737,Expt2020_017_setIII_STLC_GM132_RO3306_mKate2-Astrin_Nuf2-GFP_GFP_timelapse_06_R3D_D3D_Z0_C1_T18.tif,4357.7059305007815,4231.065,1.1160145350459334,2.395907437782785,0.4658003549914737,cdki,set3_timelapse_cdki_cell_4,Expt2020_017_setIII_STLC_GM132_RO3306_mKate2-Astrin_Nuf2-GFP_GFP_timelapse_06_R3D_D3D
399,399,18_7,51,15559.313725490196,Expt2020_017_setIII_STLC_GM132_RO3306_mKate2-Astrin_Nuf2-GFP_GFP_timelapse_06_R3D_D3D_Z0_C0_T18.tif,6309.476240292924,5003.3525,5087.294117647059,Expt2020_017_setIII_STLC_GM132_RO3306_mKate2-Astrin_Nuf2-GFP_GFP_timelapse_06_R3D_D3D_Z0_C1_T18.tif,4357.7059305007815,4231.065,1.167424832878164,2.4660230315357903,0.47340386442016114,cdki,set3_timelapse_cdki_cell_4,Expt2020_017_setIII_STLC_GM132_RO3306_mKate2-Astrin_Nuf2-GFP_GFP_timelapse_06_R3D_D3D
400,400,18_8,20,12904.5,Expt2020_017_setIII_STLC_GM132_RO3306_mKate2-Astrin_Nuf2-GFP_GFP_timelapse_06_R3D_D3D_Z0_C0_T18.tif,6309.476240292924,5003.3525,5128.05,Expt2020_017_setIII_STLC_GM132_RO3306_mKate2-Astrin_Nuf2-GFP_GFP_timelapse_06_R3D_D3D_Z0_C1_T18.tif,4357.7059305007815,4231.065,1.1767774333066783,2.045256929187025,0.5753689996172945,cdki,set3_timelapse_cdki_cell_4,Expt2020_017_setIII_STLC_GM132_RO3306_mKate2-Astrin_Nuf2-GFP_GFP_timelapse_06_R3D_D3D
401,401,18_9,36,16719.527777777777,Expt2020_017_setIII_STLC_GM132_RO3306_mKate2-Astrin_Nuf2-GFP_GFP_timelapse_06_R3D_D3D_Z0_C0_T18.tif,6309.476240292924,5003.3525,5353.222222222223,Expt2020_017_setIII_STLC_GM132_RO3306_mKate2-Astrin_Nuf2-GFP_GFP_timelapse_06_R3D_D3D_Z0_C1_T18.tif,4357.7059305007815,4231.065,1.2284496263856515,2.649907399762481,0.4635820959237145,cdki,set3_timelapse_cdki_cell_4,Expt2020_017_setIII_STLC_GM132_RO3306_mKate2-Astrin_Nuf2-GFP_GFP_timelapse_06_R3D_D3D
402,402,18_10,24,13809.458333333336,Expt2020_017_setIII_STLC_GM132_RO3306_mKate2-Astrin_Nuf2-GFP_GFP_timelapse_06_R3D_D3D_Z0_C0_T18.tif,6309.476240292924,5003.3525,6074.708333333332,Expt2020_017_setIII_STLC_GM132_RO3306_mKate2-Astrin_Nuf2-GFP_GFP_timelapse_06_R3D_D3D_Z0_C1_T18.tif,4357.7059305007815,4231.065,1.394015206674406,2.1886853690239456,0.6369189589347296,cdki,set3_timelapse_cdki_cell_4,Expt2020_017_setIII_STLC_GM132_RO3306_mKate2-Astrin_Nuf2-GFP_GFP_timelapse_06_R3D_D3D
403,403,18_11,36,12876.527777777776,Expt2020_017_setIII_STLC_GM132_RO3306_mKate2-Astrin_Nuf2-GFP_GFP_timelapse_06_R3D_D3D_Z0_C0_T18.tif,6309.476240292924,5003.3525,4663.75,Expt2020_017_setIII_STLC_GM132_RO3306_mKate2-Astrin_Nuf2-GFP_GFP_timelapse_06_R3D_D3D_Z0_C1_T18.tif,4357.7059305007815,4231.065,1.0702305466179194,2.040823562429323,0.5244111084958052,cdki,set3_timelapse_cdki_cell_4,Expt2020_017_setIII_STLC_GM132_RO3306_mKate2-Astrin_Nuf2-GFP_GFP_timelapse_06_R3D_D3D
404,404,18_12,48,13833.25,Expt2020_017_setIII_STLC_GM132_RO3306_mKate2-Astrin_Nuf2-GFP_GFP_timelapse_06_R3D_D3D_Z0_C0_T18.tif,6309.476240292924,5003.3525,4688.833333333333,Expt2020_017_setIII_STLC_GM132_RO3306_mKate2-Astrin_Nuf2-GFP_GFP_timelapse_06_R3D_D3D_Z0_C1_T18.tif,4357.7059305007815,4231.065,1.0759866333602044,2.1924561521698953,0.49076768641201324,cdki,set3_timelapse_cdki_cell_4,Expt2020_017_setIII_STLC_GM132_RO3306_mKate2-Astrin_Nuf2-GFP_GFP_timelapse_06_R3D_D3D
405,405,18_13,16,12861.5,Expt2020_017_setIII_STLC_GM132_RO3306_mKate2-Astrin_Nuf2-GFP_GFP_timelapse_06_R3D_D3D_Z0_C0_T18.tif,6309.476240292924,5003.3525,4176.125,Expt2020_017_setIII_STLC_GM132_RO3306_mKate2-Astrin_Nuf2-GFP_GFP_timelapse_06_R3D_D3D_Z0_C1_T18.tif,4357.7059305007815,4231.065,0.958331072955188,2.038441783466149,0.4701292333822014,cdki,set3_timelapse_cdki_cell_4,Expt2020_017_setIII_STLC_GM132_RO3306_mKate2-Astrin_Nuf2-GFP_GFP_timelapse_06_R3D_D3D
406,406,18_14,24,13704.75,Expt2020_017_setIII_STLC_GM132_RO3306_mKate2-Astrin_Nuf2-GFP_GFP_timelapse_06_R3D_D3D_Z0_C0_T18.tif,6309.476240292924,5003.3525,5222.583333333333,Expt2020_017_setIII_STLC_GM132_RO3306_mKate2-Astrin_Nuf2-GFP_GFP_timelapse_06_R3D_D3D_Z0_C1_T18.tif,4357.7059305007815,4231.065,1.1984708047367394,2.172089960887743,0.5517592854427259,cdki,set3_timelapse_cdki_cell_4,Expt2020_017_setIII_STLC_GM132_RO3306_mKate2-Astrin_Nuf2-GFP_GFP_timelapse_06_R3D_D3D
407,407,18_15,21,13941.619047619048,Expt2020_017_setIII_STLC_GM132_RO3306_mKate2-Astrin_Nuf2-GFP_GFP_timelapse_06_R3D_D3D_Z0_C0_T18.tif,6309.476240292924,5003.3525,4965.190476190476,Expt2020_017_setIII_STLC_GM132_RO3306_mKate2-Astrin_Nuf2-GFP_GFP_timelapse_06_R3D_D3D_Z0_C1_T18.tif,4357.7059305007815,4231.065,1.139404667358975,2.2096317533595773,0.5156536448331704,cdki,set3_timelapse_cdki_cell_4,Expt2020_017_setIII_STLC_GM132_RO3306_mKate2-Astrin_Nuf2-GFP_GFP_timelapse_06_R3D_D3D
408,408,18_16,30,15352.9,Expt2020_017_setIII_STLC_GM132_RO3306_mKate2-Astrin_Nuf2-GFP_GFP_timelapse_06_R3D_D3D_Z0_C0_T18.tif,6309.476240292924,5003.3525,4869.366666666667,Expt2020_017_setIII_STLC_GM132_RO3306_mKate2-Astrin_Nuf2-GFP_GFP_timelapse_06_R3D_D3D_Z0_C1_T18.tif,4357.7059305007815,4231.065,1.1174151593352437,2.4333081566984753,0.45921646062755905,cdki,set3_timelapse_cdki_cell_4,Expt2020_017_setIII_STLC_GM132_RO3306_mKate2-Astrin_Nuf2-GFP_GFP_timelapse_06_R3D_D3D
409,409,18_17,36,17022.86111111111,Expt2020_017_setIII_STLC_GM132_RO3306_mKate2-Astrin_Nuf2-GFP_GFP_timelapse_06_R3D_D3D_Z0_C0_T18.tif,6309.476240292924,5003.3525,5198.61111111111,Expt2020_017_setIII_STLC_GM132_RO3306_mKate2-Astrin_Nuf2-GFP_GFP_timelapse_06_R3D_D3D_Z0_C1_T18.tif,4357.7059305007815,4231.065,1.192969694151366,2.6979832339174967,0.4421709071998801,cdki,set3_timelapse_cdki_cell_4,Expt2020_017_setIII_STLC_GM132_RO3306_mKate2-Astrin_Nuf2-GFP_GFP_timelapse_06_R3D_D3D
410,410,18_18,88,16669.159090909092,Expt2020_017_setIII_STLC_GM132_RO3306_mKate2-Astrin_Nuf2-GFP_GFP_timelapse_06_R3D_D3D_Z0_C0_T18.tif,6309.476240292924,5003.3525,5294.659090909091,Expt2020_017_setIII_STLC_GM132_RO3306_mKate2-Astrin_Nuf2-GFP_GFP_timelapse_06_R3D_D3D_Z0_C1_T18.tif,4357.7059305007815,4231.065,1.2150106444425992,2.641924377883894,0.4598960722016533,cdki,set3_timelapse_cdki_cell_4,Expt2020_017_setIII_STLC_GM132_RO3306_mKate2-Astrin_Nuf2-GFP_GFP_timelapse_06_R3D_D3D
411,411,18_19,26,14449.0,Expt2020_017_setIII_STLC_GM132_RO3306_mKate2-Astrin_Nuf2-GFP_GFP_timelapse_06_R3D_D3D_Z0_C0_T18.tif,6309.476240292924,5003.3525,5144.423076923077,Expt2020_017_setIII_STLC_GM132_RO3306_mKate2-Astrin_Nuf2-GFP_GFP_timelapse_06_R3D_D3D_Z0_C1_T18.tif,4357.7059305007815,4231.065,1.1805347031142799,2.2900474539752276,0.5155066551415882,cdki,set3_timelapse_cdki_cell_4,Expt2020_017_setIII_STLC_GM132_RO3306_mKate2-Astrin_Nuf2-GFP_GFP_timelapse_06_R3D_D3D
412,412,18_20,52,15257.076923076924,Expt2020_017_setIII_STLC_GM132_RO3306_mKate2-Astrin_Nuf2-GFP_GFP_timelapse_06_R3D_D3D_Z0_C0_T18.tif,6309.476240292924,5003.3525,5561.173076923077,Expt2020_017_setIII_STLC_GM132_RO3306_mKate2-Astrin_Nuf2-GFP_GFP_timelapse_06_R3D_D3D_Z0_C1_T18.tif,4357.7059305007815,4231.065,1.276169885167996,2.418120988497232,0.5277527018865528,cdki,set3_timelapse_cdki_cell_4,Expt2020_017_setIII_STLC_GM132_RO3306_mKate2-Astrin_Nuf2-GFP_GFP_timelapse_06_R3D_D3D
416,416,19_1,16,13849.875,Expt2020_017_setIII_STLC_GM132_RO3306_mKate2-Astrin_Nuf2-GFP_GFP_timelapse_06_R3D_D3D_Z0_C0_T19.tif,6493.162656194218,4945.6375,4108.1875,Expt2020_017_setIII_STLC_GM132_RO3306_mKate2-Astrin_Nuf2-GFP_GFP_timelapse_06_R3D_D3D_Z0_C1_T19.tif,4399.195982107197,4242.945,0.9338496208646279,2.1329936940341043,0.4378117119973523,cdki,set3_timelapse_cdki_cell_4,Expt2020_017_setIII_STLC_GM132_RO3306_mKate2-Astrin_Nuf2-GFP_GFP_timelapse_06_R3D_D3D
417,417,19_2,32,15935.25,Expt2020_017_setIII_STLC_GM132_RO3306_mKate2-Astrin_Nuf2-GFP_GFP_timelapse_06_R3D_D3D_Z0_C0_T19.tif,6493.162656194218,4945.6375,4501.4375,Expt2020_017_setIII_STLC_GM132_RO3306_mKate2-Astrin_Nuf2-GFP_GFP_timelapse_06_R3D_D3D_Z0_C1_T19.tif,4399.195982107197,4242.945,1.0232409554629185,2.454158450011784,0.4169416833937537,cdki,set3_timelapse_cdki_cell_4,Expt2020_017_setIII_STLC_GM132_RO3306_mKate2-Astrin_Nuf2-GFP_GFP_timelapse_06_R3D_D3D
418,418,19_3,40,15675.325,Expt2020_017_setIII_STLC_GM132_RO3306_mKate2-Astrin_Nuf2-GFP_GFP_timelapse_06_R3D_D3D_Z0_C0_T19.tif,6493.162656194218,4945.6375,4624.05,Expt2020_017_setIII_STLC_GM132_RO3306_mKate2-Astrin_Nuf2-GFP_GFP_timelapse_06_R3D_D3D_Z0_C1_T19.tif,4399.195982107197,4242.945,1.0511125257450111,2.4141278803552484,0.4354005163928333,cdki,set3_timelapse_cdki_cell_4,Expt2020_017_setIII_STLC_GM132_RO3306_mKate2-Astrin_Nuf2-GFP_GFP_timelapse_06_R3D_D3D
419,419,19_4,60,17233.216666666667,Expt2020_017_setIII_STLC_GM132_RO3306_mKate2-Astrin_Nuf2-GFP_GFP_timelapse_06_R3D_D3D_Z0_C0_T19.tif,6493.162656194218,4945.6375,5368.516666666666,Expt2020_017_setIII_STLC_GM132_RO3306_mKate2-Astrin_Nuf2-GFP_GFP_timelapse_06_R3D_D3D_Z0_C1_T19.tif,4399.195982107197,4242.945,1.2203404186814995,2.654055901437625,0.45980207802724743,cdki,set3_timelapse_cdki_cell_4,Expt2020_017_setIII_STLC_GM132_RO3306_mKate2-Astrin_Nuf2-GFP_GFP_timelapse_06_R3D_D3D
420,420,19_5,29,16678.206896551725,Expt2020_017_setIII_STLC_GM132_RO3306_mKate2-Astrin_Nuf2-GFP_GFP_timelapse_06_R3D_D3D_Z0_C0_T19.tif,6493.162656194218,4945.6375,5284.862068965517,Expt2020_017_setIII_STLC_GM132_RO3306_mKate2-Astrin_Nuf2-GFP_GFP_timelapse_06_R3D_D3D_Z0_C1_T19.tif,4399.195982107197,4242.945,1.2013245353152213,2.5685798708032337,0.4676998947825395,cdki,set3_timelapse_cdki_cell_4,Expt2020_017_setIII_STLC_GM132_RO3306_mKate2-Astrin_Nuf2-GFP_GFP_timelapse_06_R3D_D3D
422,422,19_7,12,13728.583333333336,Expt2020_017_setIII_STLC_GM132_RO3306_mKate2-Astrin_Nuf2-GFP_GFP_timelapse_06_R3D_D3D_Z0_C0_T19.tif,6493.162656194218,4945.6375,4554.333333333333,Expt2020_017_setIII_STLC_GM132_RO3306_mKate2-Astrin_Nuf2-GFP_GFP_timelapse_06_R3D_D3D_Z0_C1_T19.tif,4399.195982107197,4242.945,1.0352649329234533,2.1143137882487535,0.48964583151157703,cdki,set3_timelapse_cdki_cell_4,Expt2020_017_setIII_STLC_GM132_RO3306_mKate2-Astrin_Nuf2-GFP_GFP_timelapse_06_R3D_D3D
423,423,19_8,32,17920.625,Expt2020_017_setIII_STLC_GM132_RO3306_mKate2-Astrin_Nuf2-GFP_GFP_timelapse_06_R3D_D3D_Z0_C0_T19.tif,6493.162656194218,4945.6375,4753.5,Expt2020_017_setIII_STLC_GM132_RO3306_mKate2-Astrin_Nuf2-GFP_GFP_timelapse_06_R3D_D3D_Z0_C1_T19.tif,4399.195982107197,4242.945,1.080538357312077,2.7599223905017136,0.3915104138546631,cdki,set3_timelapse_cdki_cell_4,Expt2020_017_setIII_STLC_GM132_RO3306_mKate2-Astrin_Nuf2-GFP_GFP_timelapse_06_R3D_D3D
424,424,19_9,39,16366.71794871795,Expt2020_017_setIII_STLC_GM132_RO3306_mKate2-Astrin_Nuf2-GFP_GFP_timelapse_06_R3D_D3D_Z0_C0_T19.tif,6493.162656194218,4945.6375,4957.051282051281,Expt2020_017_setIII_STLC_GM132_RO3306_mKate2-Astrin_Nuf2-GFP_GFP_timelapse_06_R3D_D3D_Z0_C1_T19.tif,4399.195982107197,4242.945,1.1268084673229024,2.520608032682618,0.44703835452101975,cdki,set3_timelapse_cdki_cell_4,Expt2020_017_setIII_STLC_GM132_RO3306_mKate2-Astrin_Nuf2-GFP_GFP_timelapse_06_R3D_D3D
425,425,19_10,21,15293.190476190475,Expt2020_017_setIII_STLC_GM132_RO3306_mKate2-Astrin_Nuf2-GFP_GFP_timelapse_06_R3D_D3D_Z0_C0_T19.tif,6493.162656194218,4945.6375,6102.809523809524,Expt2020_017_setIII_STLC_GM132_RO3306_mKate2-Astrin_Nuf2-GFP_GFP_timelapse_06_R3D_D3D_Z0_C1_T19.tif,4399.195982107197,4242.945,1.3872556595867556,2.3552760474283487,0.5889991795660029,cdki,set3_timelapse_cdki_cell_4,Expt2020_017_setIII_STLC_GM132_RO3306_mKate2-Astrin_Nuf2-GFP_GFP_timelapse_06_R3D_D3D
426,426,19_11,20,15120.6,Expt2020_017_setIII_STLC_GM132_RO3306_mKate2-Astrin_Nuf2-GFP_GFP_timelapse_06_R3D_D3D_Z0_C0_T19.tif,6493.162656194218,4945.6375,4987.9,Expt2020_017_setIII_STLC_GM132_RO3306_mKate2-Astrin_Nuf2-GFP_GFP_timelapse_06_R3D_D3D_Z0_C1_T19.tif,4399.195982107197,4242.945,1.1338208209607465,2.3286957066408234,0.4868909311454433,cdki,set3_timelapse_cdki_cell_4,Expt2020_017_setIII_STLC_GM132_RO3306_mKate2-Astrin_Nuf2-GFP_GFP_timelapse_06_R3D_D3D
427,427,19_12,38,14989.184210526317,Expt2020_017_setIII_STLC_GM132_RO3306_mKate2-Astrin_Nuf2-GFP_GFP_timelapse_06_R3D_D3D_Z0_C0_T19.tif,6493.162656194218,4945.6375,4556.789473684211,Expt2020_017_setIII_STLC_GM132_RO3306_mKate2-Astrin_Nuf2-GFP_GFP_timelapse_06_R3D_D3D_Z0_C1_T19.tif,4399.195982107197,4242.945,1.0358232486613446,2.308456603382211,0.4487081312872501,cdki,set3_timelapse_cdki_cell_4,Expt2020_017_setIII_STLC_GM132_RO3306_mKate2-Astrin_Nuf2-GFP_GFP_timelapse_06_R3D_D3D
428,428,19_13,8,14139.75,Expt2020_017_setIII_STLC_GM132_RO3306_mKate2-Astrin_Nuf2-GFP_GFP_timelapse_06_R3D_D3D_Z0_C0_T19.tif,6493.162656194218,4945.6375,4702.0,Expt2020_017_setIII_STLC_GM132_RO3306_mKate2-Astrin_Nuf2-GFP_GFP_timelapse_06_R3D_D3D_Z0_C1_T19.tif,4399.195982107197,4242.945,1.0688316726793703,2.1776368079292214,0.4908218251948788,cdki,set3_timelapse_cdki_cell_4,Expt2020_017_setIII_STLC_GM132_RO3306_mKate2-Astrin_Nuf2-GFP_GFP_timelapse_06_R3D_D3D
429,429,19_14,26,14212.76923076923,Expt2020_017_setIII_STLC_GM132_RO3306_mKate2-Astrin_Nuf2-GFP_GFP_timelapse_06_R3D_D3D_Z0_C0_T19.tif,6493.162656194218,4945.6375,4959.23076923077,Expt2020_017_setIII_STLC_GM132_RO3306_mKate2-Astrin_Nuf2-GFP_GFP_timelapse_06_R3D_D3D_Z0_C1_T19.tif,4399.195982107197,4242.945,1.1273038958485588,2.1888823649305653,0.515013467105309,cdki,set3_timelapse_cdki_cell_4,Expt2020_017_setIII_STLC_GM132_RO3306_mKate2-Astrin_Nuf2-GFP_GFP_timelapse_06_R3D_D3D
430,430,19_15,26,13919.46153846154,Expt2020_017_setIII_STLC_GM132_RO3306_mKate2-Astrin_Nuf2-GFP_GFP_timelapse_06_R3D_D3D_Z0_C0_T19.tif,6493.162656194218,4945.6375,4352.0,Expt2020_017_setIII_STLC_GM132_RO3306_mKate2-Astrin_Nuf2-GFP_GFP_timelapse_06_R3D_D3D_Z0_C1_T19.tif,4399.195982107197,4242.945,0.9892716800299063,2.143710588426879,0.46147632304968206,cdki,set3_timelapse_cdki_cell_4,Expt2020_017_setIII_STLC_GM132_RO3306_mKate2-Astrin_Nuf2-GFP_GFP_timelapse_06_R3D_D3D
431,431,19_16,75,16320.693333333333,Expt2020_017_setIII_STLC_GM132_RO3306_mKate2-Astrin_Nuf2-GFP_GFP_timelapse_06_R3D_D3D_Z0_C0_T19.tif,6493.162656194218,4945.6375,5048.04,Expt2020_017_setIII_STLC_GM132_RO3306_mKate2-Astrin_Nuf2-GFP_GFP_timelapse_06_R3D_D3D_Z0_C1_T19.tif,4399.195982107197,4242.945,1.1474915008405717,2.5135198665882865,0.4565277227739256,cdki,set3_timelapse_cdki_cell_4,Expt2020_017_setIII_STLC_GM132_RO3306_mKate2-Astrin_Nuf2-GFP_GFP_timelapse_06_R3D_D3D
432,432,19_17,26,14575.807692307693,Expt2020_017_setIII_STLC_GM132_RO3306_mKate2-Astrin_Nuf2-GFP_GFP_timelapse_06_R3D_D3D_Z0_C0_T19.tif,6493.162656194218,4945.6375,5859.1923076923085,Expt2020_017_setIII_STLC_GM132_RO3306_mKate2-Astrin_Nuf2-GFP_GFP_timelapse_06_R3D_D3D_Z0_C1_T19.tif,4399.195982107197,4242.945,1.3318779912337024,2.2447932485416726,0.5933187798470775,cdki,set3_timelapse_cdki_cell_4,Expt2020_017_setIII_STLC_GM132_RO3306_mKate2-Astrin_Nuf2-GFP_GFP_timelapse_06_R3D_D3D
433,433,19_18,34,17021.73529411765,Expt2020_017_setIII_STLC_GM132_RO3306_mKate2-Astrin_Nuf2-GFP_GFP_timelapse_06_R3D_D3D_Z0_C0_T19.tif,6493.162656194218,4945.6375,5200.941176470587,Expt2020_017_setIII_STLC_GM132_RO3306_mKate2-Astrin_Nuf2-GFP_GFP_timelapse_06_R3D_D3D_Z0_C1_T19.tif,4399.195982107197,4242.945,1.1822481193436982,2.6214860454603883,0.4509839453049884,cdki,set3_timelapse_cdki_cell_4,Expt2020_017_setIII_STLC_GM132_RO3306_mKate2-Astrin_Nuf2-GFP_GFP_timelapse_06_R3D_D3D
434,434,19_19,45,15784.288888888888,Expt2020_017_setIII_STLC_GM132_RO3306_mKate2-Astrin_Nuf2-GFP_GFP_timelapse_06_R3D_D3D_Z0_C0_T19.tif,6493.162656194218,4945.6375,5114.266666666666,Expt2020_017_setIII_STLC_GM132_RO3306_mKate2-Astrin_Nuf2-GFP_GFP_timelapse_06_R3D_D3D_Z0_C1_T19.tif,4399.195982107197,4242.945,1.1625457668782817,2.4309092078313035,0.47823495963283147,cdki,set3_timelapse_cdki_cell_4,Expt2020_017_setIII_STLC_GM132_RO3306_mKate2-Astrin_Nuf2-GFP_GFP_timelapse_06_R3D_D3D
435,435,19_20,8,14418.75,Expt2020_017_setIII_STLC_GM132_RO3306_mKate2-Astrin_Nuf2-GFP_GFP_timelapse_06_R3D_D3D_Z0_C0_T19.tif,6493.162656194218,4945.6375,4345.5,Expt2020_017_setIII_STLC_GM132_RO3306_mKate2-Astrin_Nuf2-GFP_GFP_timelapse_06_R3D_D3D_Z0_C1_T19.tif,4399.195982107197,4242.945,0.9877941373092733,2.2206050831400455,0.44483107095858915,cdki,set3_timelapse_cdki_cell_4,Expt2020_017_setIII_STLC_GM132_RO3306_mKate2-Astrin_Nuf2-GFP_GFP_timelapse_06_R3D_D3D
438,438,20_1,26,14923.423076923076,Expt2020_017_setIII_STLC_GM132_RO3306_mKate2-Astrin_Nuf2-GFP_GFP_timelapse_06_R3D_D3D_Z1_C0_T00.tif,7483.797480891377,5702.215,5741.23076923077,Expt2020_017_setIII_STLC_GM132_RO3306_mKate2-Astrin_Nuf2-GFP_GFP_timelapse_06_R3D_D3D_Z1_C1_T00.tif,6568.943213011255,5540.9575,0.8739961030351099,1.9940976643245005,0.43829152336486765,cdki,set3_timelapse_cdki_cell_4,Expt2020_017_setIII_STLC_GM132_RO3306_mKate2-Astrin_Nuf2-GFP_GFP_timelapse_06_R3D_D3D
439,439,20_2,12,13878.666666666664,Expt2020_017_setIII_STLC_GM132_RO3306_mKate2-Astrin_Nuf2-GFP_GFP_timelapse_06_R3D_D3D_Z1_C0_T00.tif,7483.797480891377,5702.215,4907.0,Expt2020_017_setIII_STLC_GM132_RO3306_mKate2-Astrin_Nuf2-GFP_GFP_timelapse_06_R3D_D3D_Z1_C1_T00.tif,6568.943213011255,5540.9575,0.7469999116875594,1.8544952214572235,0.40280498059228353,cdki,set3_timelapse_cdki_cell_4,Expt2020_017_setIII_STLC_GM132_RO3306_mKate2-Astrin_Nuf2-GFP_GFP_timelapse_06_R3D_D3D
440,440,20_3,21,14898.904761904761,Expt2020_017_setIII_STLC_GM132_RO3306_mKate2-Astrin_Nuf2-GFP_GFP_timelapse_06_R3D_D3D_Z1_C0_T00.tif,7483.797480891377,5702.215,7216.952380952382,Expt2020_017_setIII_STLC_GM132_RO3306_mKate2-Astrin_Nuf2-GFP_GFP_timelapse_06_R3D_D3D_Z1_C1_T00.tif,6568.943213011255,5540.9575,1.0986473998827697,1.9908214779925058,0.5518563125964554,cdki,set3_timelapse_cdki_cell_4,Expt2020_017_setIII_STLC_GM132_RO3306_mKate2-Astrin_Nuf2-GFP_GFP_timelapse_06_R3D_D3D
441,441,20_4,26,14646.846153846154,Expt2020_017_setIII_STLC_GM132_RO3306_mKate2-Astrin_Nuf2-GFP_GFP_timelapse_06_R3D_D3D_Z1_C0_T00.tif,7483.797480891377,5702.215,5778.538461538462,Expt2020_017_setIII_STLC_GM132_RO3306_mKate2-Astrin_Nuf2-GFP_GFP_timelapse_06_R3D_D3D_Z1_C1_T00.tif,6568.943213011255,5540.9575,0.8796755085495,1.9571409022283703,0.4494696869029282,cdki,set3_timelapse_cdki_cell_4,Expt2020_017_setIII_STLC_GM132_RO3306_mKate2-Astrin_Nuf2-GFP_GFP_timelapse_06_R3D_D3D
442,442,20_5,29,14849.793103448277,Expt2020_017_setIII_STLC_GM132_RO3306_mKate2-Astrin_Nuf2-GFP_GFP_timelapse_06_R3D_D3D_Z1_C0_T00.tif,7483.797480891377,5702.215,5157.827586206897,Expt2020_017_setIII_STLC_GM132_RO3306_mKate2-Astrin_Nuf2-GFP_GFP_timelapse_06_R3D_D3D_Z1_C1_T00.tif,6568.943213011255,5540.9575,0.7851837683709414,1.9842590798808675,0.395706274615149,cdki,set3_timelapse_cdki_cell_4,Expt2020_017_setIII_STLC_GM132_RO3306_mKate2-Astrin_Nuf2-GFP_GFP_timelapse_06_R3D_D3D
443,443,20_6,39,14510.871794871797,Expt2020_017_setIII_STLC_GM132_RO3306_mKate2-Astrin_Nuf2-GFP_GFP_timelapse_06_R3D_D3D_Z1_C0_T00.tif,7483.797480891377,5702.215,4684.897435897436,Expt2020_017_setIII_STLC_GM132_RO3306_mKate2-Astrin_Nuf2-GFP_GFP_timelapse_06_R3D_D3D_Z1_C1_T00.tif,6568.943213011255,5540.9575,0.7131889078623717,1.9389717361971481,0.36781810407465215,cdki,set3_timelapse_cdki_cell_4,Expt2020_017_setIII_STLC_GM132_RO3306_mKate2-Astrin_Nuf2-GFP_GFP_timelapse_06_R3D_D3D
444,444,20_7,38,15142.105263157895,Expt2020_017_setIII_STLC_GM132_RO3306_mKate2-Astrin_Nuf2-GFP_GFP_timelapse_06_R3D_D3D_Z1_C0_T00.tif,7483.797480891377,5702.215,6767.0526315789475,Expt2020_017_setIII_STLC_GM132_RO3306_mKate2-Astrin_Nuf2-GFP_GFP_timelapse_06_R3D_D3D_Z1_C1_T00.tif,6568.943213011255,5540.9575,1.0301584915782638,2.0233184157936828,0.5091430412222911,cdki,set3_timelapse_cdki_cell_4,Expt2020_017_setIII_STLC_GM132_RO3306_mKate2-Astrin_Nuf2-GFP_GFP_timelapse_06_R3D_D3D
445,445,20_8,40,17037.075,Expt2020_017_setIII_STLC_GM132_RO3306_mKate2-Astrin_Nuf2-GFP_GFP_timelapse_06_R3D_D3D_Z1_C0_T00.tif,7483.797480891377,5702.215,6222.675,Expt2020_017_setIII_STLC_GM132_RO3306_mKate2-Astrin_Nuf2-GFP_GFP_timelapse_06_R3D_D3D_Z1_C1_T00.tif,6568.943213011255,5540.9575,0.9472870746811461,2.2765280652638338,0.41611043111447965,cdki,set3_timelapse_cdki_cell_4,Expt2020_017_setIII_STLC_GM132_RO3306_mKate2-Astrin_Nuf2-GFP_GFP_timelapse_06_R3D_D3D
446,446,20_9,64,15877.078125,Expt2020_017_setIII_STLC_GM132_RO3306_mKate2-Astrin_Nuf2-GFP_GFP_timelapse_06_R3D_D3D_Z1_C0_T00.tif,7483.797480891377,5702.215,6443.234375,Expt2020_017_setIII_STLC_GM132_RO3306_mKate2-Astrin_Nuf2-GFP_GFP_timelapse_06_R3D_D3D_Z1_C1_T00.tif,6568.943213011255,5540.9575,0.9808631565329625,2.121526960816278,0.46233829437433405,cdki,set3_timelapse_cdki_cell_4,Expt2020_017_setIII_STLC_GM132_RO3306_mKate2-Astrin_Nuf2-GFP_GFP_timelapse_06_R3D_D3D
447,447,20_10,112,16709.0,Expt2020_017_setIII_STLC_GM132_RO3306_mKate2-Astrin_Nuf2-GFP_GFP_timelapse_06_R3D_D3D_Z1_C0_T00.tif,7483.797480891377,5702.215,7479.553571428572,Expt2020_017_setIII_STLC_GM132_RO3306_mKate2-Astrin_Nuf2-GFP_GFP_timelapse_06_R3D_D3D_Z1_C1_T00.tif,6568.943213011255,5540.9575,1.138623569863361,2.2326900270435743,0.5099783472276598,cdki,set3_timelapse_cdki_cell_4,Expt2020_017_setIII_STLC_GM132_RO3306_mKate2-Astrin_Nuf2-GFP_GFP_timelapse_06_R3D_D3D
448,448,20_11,51,17423.76470588235,Expt2020_017_setIII_STLC_GM132_RO3306_mKate2-Astrin_Nuf2-GFP_GFP_timelapse_06_R3D_D3D_Z1_C0_T00.tif,7483.797480891377,5702.215,9813.43137254902,Expt2020_017_setIII_STLC_GM132_RO3306_mKate2-Astrin_Nuf2-GFP_GFP_timelapse_06_R3D_D3D_Z1_C1_T00.tif,6568.943213011255,5540.9575,1.4939132603721301,2.328198317815389,0.6416606561995583,cdki,set3_timelapse_cdki_cell_4,Expt2020_017_setIII_STLC_GM132_RO3306_mKate2-Astrin_Nuf2-GFP_GFP_timelapse_06_R3D_D3D
449,449,20_12,104,18657.21153846154,Expt2020_017_setIII_STLC_GM132_RO3306_mKate2-Astrin_Nuf2-GFP_GFP_timelapse_06_R3D_D3D_Z1_C0_T00.tif,7483.797480891377,5702.215,8006.14423076923,Expt2020_017_setIII_STLC_GM132_RO3306_mKate2-Astrin_Nuf2-GFP_GFP_timelapse_06_R3D_D3D_Z1_C1_T00.tif,6568.943213011255,5540.9575,1.21878724950937,2.493013952622262,0.4888810382418421,cdki,set3_timelapse_cdki_cell_4,Expt2020_017_setIII_STLC_GM132_RO3306_mKate2-Astrin_Nuf2-GFP_GFP_timelapse_06_R3D_D3D
450,450,20_13,54,17461.87037037037,Expt2020_017_setIII_STLC_GM132_RO3306_mKate2-Astrin_Nuf2-GFP_GFP_timelapse_06_R3D_D3D_Z1_C0_T00.tif,7483.797480891377,5702.215,9127.777777777776,Expt2020_017_setIII_STLC_GM132_RO3306_mKate2-Astrin_Nuf2-GFP_GFP_timelapse_06_R3D_D3D_Z1_C1_T00.tif,6568.943213011255,5540.9575,1.3895351933775557,2.333290072981842,0.5955261240201442,cdki,set3_timelapse_cdki_cell_4,Expt2020_017_setIII_STLC_GM132_RO3306_mKate2-Astrin_Nuf2-GFP_GFP_timelapse_06_R3D_D3D
451,451,20_14,32,14662.1875,Expt2020_017_setIII_STLC_GM132_RO3306_mKate2-Astrin_Nuf2-GFP_GFP_timelapse_06_R3D_D3D_Z1_C0_T00.tif,7483.797480891377,5702.215,8105.5625,Expt2020_017_setIII_STLC_GM132_RO3306_mKate2-Astrin_Nuf2-GFP_GFP_timelapse_06_R3D_D3D_Z1_C1_T00.tif,6568.943213011255,5540.9575,1.2339218405702044,1.9591908436108059,0.6298119678305946,cdki,set3_timelapse_cdki_cell_4,Expt2020_017_setIII_STLC_GM132_RO3306_mKate2-Astrin_Nuf2-GFP_GFP_timelapse_06_R3D_D3D
452,452,20_15,30,15841.633333333333,Expt2020_017_setIII_STLC_GM132_RO3306_mKate2-Astrin_Nuf2-GFP_GFP_timelapse_06_R3D_D3D_Z1_C0_T00.tif,7483.797480891377,5702.215,8472.266666666666,Expt2020_017_setIII_STLC_GM132_RO3306_mKate2-Astrin_Nuf2-GFP_GFP_timelapse_06_R3D_D3D_Z1_C1_T00.tif,6568.943213011255,5540.9575,1.2897457615230188,2.1167907568025845,0.6092929862709632,cdki,set3_timelapse_cdki_cell_4,Expt2020_017_setIII_STLC_GM132_RO3306_mKate2-Astrin_Nuf2-GFP_GFP_timelapse_06_R3D_D3D
453,453,20_16,26,16371.423076923076,Expt2020_017_setIII_STLC_GM132_RO3306_mKate2-Astrin_Nuf2-GFP_GFP_timelapse_06_R3D_D3D_Z1_C0_T00.tif,7483.797480891377,5702.215,10230.076923076924,Expt2020_017_setIII_STLC_GM132_RO3306_mKate2-Astrin_Nuf2-GFP_GFP_timelapse_06_R3D_D3D_Z1_C1_T00.tif,6568.943213011255,5540.9575,1.5573398325036483,2.1875823228414135,0.7118999894279846,cdki,set3_timelapse_cdki_cell_4,Expt2020_017_setIII_STLC_GM132_RO3306_mKate2-Astrin_Nuf2-GFP_GFP_timelapse_06_R3D_D3D
455,455,20_18,32,18253.15625,Expt2020_017_setIII_STLC_GM132_RO3306_mKate2-Astrin_Nuf2-GFP_GFP_timelapse_06_R3D_D3D_Z1_C0_T00.tif,7483.797480891377,5702.215,9888.34375,Expt2020_017_setIII_STLC_GM132_RO3306_mKate2-Astrin_Nuf2-GFP_GFP_timelapse_06_R3D_D3D_Z1_C1_T00.tif,6568.943213011255,5540.9575,1.505317283062203,2.4390232761651256,0.6171803679663985,cdki,set3_timelapse_cdki_cell_4,Expt2020_017_setIII_STLC_GM132_RO3306_mKate2-Astrin_Nuf2-GFP_GFP_timelapse_06_R3D_D3D
457,457,20_20,63,16239.365079365081,Expt2020_017_setIII_STLC_GM132_RO3306_mKate2-Astrin_Nuf2-GFP_GFP_timelapse_06_R3D_D3D_Z1_C0_T00.tif,7483.797480891377,5702.215,8854.412698412698,Expt2020_017_setIII_STLC_GM132_RO3306_mKate2-Astrin_Nuf2-GFP_GFP_timelapse_06_R3D_D3D_Z1_C1_T00.tif,6568.943213011255,5540.9575,1.3479204205745854,2.169936468862176,0.6211796704266547,cdki,set3_timelapse_cdki_cell_4,Expt2020_017_setIII_STLC_GM132_RO3306_mKate2-Astrin_Nuf2-GFP_GFP_timelapse_06_R3D_D3D
458,458,20_21,21,15487.333333333336,Expt2020_017_setIII_STLC_GM132_RO3306_mKate2-Astrin_Nuf2-GFP_GFP_timelapse_06_R3D_D3D_Z1_C0_T00.tif,7483.797480891377,5702.215,6741.714285714284,Expt2020_017_setIII_STLC_GM132_RO3306_mKate2-Astrin_Nuf2-GFP_GFP_timelapse_06_R3D_D3D_Z1_C1_T00.tif,6568.943213011255,5540.9575,1.026301197483458,2.0694484815867407,0.49592981251533547,cdki,set3_timelapse_cdki_cell_4,Expt2020_017_setIII_STLC_GM132_RO3306_mKate2-Astrin_Nuf2-GFP_GFP_timelapse_06_R3D_D3D
459,459,20_22,49,18403.632653061224,Expt2020_017_setIII_STLC_GM132_RO3306_mKate2-Astrin_Nuf2-GFP_GFP_timelapse_06_R3D_D3D_Z1_C0_T00.tif,7483.797480891377,5702.215,7443.142857142857,Expt2020_017_setIII_STLC_GM132_RO3306_mKate2-Astrin_Nuf2-GFP_GFP_timelapse_06_R3D_D3D_Z1_C1_T00.tif,6568.943213011255,5540.9575,1.133080712647973,2.4591302343565307,0.4607648252287301,cdki,set3_timelapse_cdki_cell_4,Expt2020_017_setIII_STLC_GM132_RO3306_mKate2-Astrin_Nuf2-GFP_GFP_timelapse_06_R3D_D3D
460,460,20_23,41,18275.121951219517,Expt2020_017_setIII_STLC_GM132_RO3306_mKate2-Astrin_Nuf2-GFP_GFP_timelapse_06_R3D_D3D_Z1_C0_T00.tif,7483.797480891377,5702.215,6408.390243902439,Expt2020_017_setIII_STLC_GM132_RO3306_mKate2-Astrin_Nuf2-GFP_GFP_timelapse_06_R3D_D3D_Z1_C1_T00.tif,6568.943213011255,5540.9575,0.9755587826074056,2.4419583771316606,0.3994985302547634,cdki,set3_timelapse_cdki_cell_4,Expt2020_017_setIII_STLC_GM132_RO3306_mKate2-Astrin_Nuf2-GFP_GFP_timelapse_06_R3D_D3D
461,461,21_1,12,14172.916666666664,Expt2020_017_setIII_STLC_GM132_RO3306_mKate2-Astrin_Nuf2-GFP_GFP_timelapse_06_R3D_D3D_Z1_C0_T01.tif,7132.846844899976,5552.225,3801.916666666666,Expt2020_017_setIII_STLC_GM132_RO3306_mKate2-Astrin_Nuf2-GFP_GFP_timelapse_06_R3D_D3D_Z1_C1_T01.tif,6169.958737085284,5617.26,0.6161980701450701,1.9869929881924182,0.3101158754997067,cdki,set3_timelapse_cdki_cell_4,Expt2020_017_setIII_STLC_GM132_RO3306_mKate2-Astrin_Nuf2-GFP_GFP_timelapse_06_R3D_D3D
462,462,21_2,8,15289.375,Expt2020_017_setIII_STLC_GM132_RO3306_mKate2-Astrin_Nuf2-GFP_GFP_timelapse_06_R3D_D3D_Z1_C0_T01.tif,7132.846844899976,5552.225,5342.625,Expt2020_017_setIII_STLC_GM132_RO3306_mKate2-Astrin_Nuf2-GFP_GFP_timelapse_06_R3D_D3D_Z1_C1_T01.tif,6169.958737085284,5617.26,0.8659093565549322,2.143516513456613,0.4039667299593486,cdki,set3_timelapse_cdki_cell_4,Expt2020_017_setIII_STLC_GM132_RO3306_mKate2-Astrin_Nuf2-GFP_GFP_timelapse_06_R3D_D3D
463,463,21_3,8,14302.375,Expt2020_017_setIII_STLC_GM132_RO3306_mKate2-Astrin_Nuf2-GFP_GFP_timelapse_06_R3D_D3D_Z1_C0_T01.tif,7132.846844899976,5552.225,5595.875,Expt2020_017_setIII_STLC_GM132_RO3306_mKate2-Astrin_Nuf2-GFP_GFP_timelapse_06_R3D_D3D_Z1_C1_T01.tif,6169.958737085284,5617.26,0.9069550119298717,2.005142590468808,0.452314471918839,cdki,set3_timelapse_cdki_cell_4,Expt2020_017_setIII_STLC_GM132_RO3306_mKate2-Astrin_Nuf2-GFP_GFP_timelapse_06_R3D_D3D
464,464,21_4,33,15366.87878787879,Expt2020_017_setIII_STLC_GM132_RO3306_mKate2-Astrin_Nuf2-GFP_GFP_timelapse_06_R3D_D3D_Z1_C0_T01.tif,7132.846844899976,5552.225,7011.121212121212,Expt2020_017_setIII_STLC_GM132_RO3306_mKate2-Astrin_Nuf2-GFP_GFP_timelapse_06_R3D_D3D_Z1_C1_T01.tif,6169.958737085284,5617.26,1.1363319449739622,2.1543822714862007,0.5274513998808872,cdki,set3_timelapse_cdki_cell_4,Expt2020_017_setIII_STLC_GM132_RO3306_mKate2-Astrin_Nuf2-GFP_GFP_timelapse_06_R3D_D3D
465,465,21_5,21,14769.857142857143,Expt2020_017_setIII_STLC_GM132_RO3306_mKate2-Astrin_Nuf2-GFP_GFP_timelapse_06_R3D_D3D_Z1_C0_T01.tif,7132.846844899976,5552.225,5339.142857142857,Expt2020_017_setIII_STLC_GM132_RO3306_mKate2-Astrin_Nuf2-GFP_GFP_timelapse_06_R3D_D3D_Z1_C1_T01.tif,6169.958737085284,5617.26,0.8653449860290462,2.0706819400472156,0.41790338211445194,cdki,set3_timelapse_cdki_cell_4,Expt2020_017_setIII_STLC_GM132_RO3306_mKate2-Astrin_Nuf2-GFP_GFP_timelapse_06_R3D_D3D
466,466,21_6,18,15102.0,Expt2020_017_setIII_STLC_GM132_RO3306_mKate2-Astrin_Nuf2-GFP_GFP_timelapse_06_R3D_D3D_Z1_C0_T01.tif,7132.846844899976,5552.225,4966.166666666667,Expt2020_017_setIII_STLC_GM132_RO3306_mKate2-Astrin_Nuf2-GFP_GFP_timelapse_06_R3D_D3D_Z1_C1_T01.tif,6169.958737085284,5617.26,0.8048946319230501,2.117247198542895,0.380160914831761,cdki,set3_timelapse_cdki_cell_4,Expt2020_017_setIII_STLC_GM132_RO3306_mKate2-Astrin_Nuf2-GFP_GFP_timelapse_06_R3D_D3D
467,467,21_7,16,13927.5,Expt2020_017_setIII_STLC_GM132_RO3306_mKate2-Astrin_Nuf2-GFP_GFP_timelapse_06_R3D_D3D_Z1_C0_T01.tif,7132.846844899976,5552.225,4311.375,Expt2020_017_setIII_STLC_GM132_RO3306_mKate2-Astrin_Nuf2-GFP_GFP_timelapse_06_R3D_D3D_Z1_C1_T01.tif,6169.958737085284,5617.26,0.6987688546579669,1.9525864360817222,0.3578683338906084,cdki,set3_timelapse_cdki_cell_4,Expt2020_017_setIII_STLC_GM132_RO3306_mKate2-Astrin_Nuf2-GFP_GFP_timelapse_06_R3D_D3D
468,468,21_8,12,15183.583333333336,Expt2020_017_setIII_STLC_GM132_RO3306_mKate2-Astrin_Nuf2-GFP_GFP_timelapse_06_R3D_D3D_Z1_C0_T01.tif,7132.846844899976,5552.225,4214.5,Expt2020_017_setIII_STLC_GM132_RO3306_mKate2-Astrin_Nuf2-GFP_GFP_timelapse_06_R3D_D3D_Z1_C1_T01.tif,6169.958737085284,5617.26,0.6830677772070399,2.1286848944737513,0.3208872196069707,cdki,set3_timelapse_cdki_cell_4,Expt2020_017_setIII_STLC_GM132_RO3306_mKate2-Astrin_Nuf2-GFP_GFP_timelapse_06_R3D_D3D
469,469,21_9,12,15064.0,Expt2020_017_setIII_STLC_GM132_RO3306_mKate2-Astrin_Nuf2-GFP_GFP_timelapse_06_R3D_D3D_Z1_C0_T01.tif,7132.846844899976,5552.225,5467.583333333333,Expt2020_017_setIII_STLC_GM132_RO3306_mKate2-Astrin_Nuf2-GFP_GFP_timelapse_06_R3D_D3D_Z1_C1_T01.tif,6169.958737085284,5617.26,0.88616205817873,2.1119197324096257,0.41960025496217623,cdki,set3_timelapse_cdki_cell_4,Expt2020_017_setIII_STLC_GM132_RO3306_mKate2-Astrin_Nuf2-GFP_GFP_timelapse_06_R3D_D3D
470,470,21_10,28,15260.071428571431,Expt2020_017_setIII_STLC_GM132_RO3306_mKate2-Astrin_Nuf2-GFP_GFP_timelapse_06_R3D_D3D_Z1_C0_T01.tif,7132.846844899976,5552.225,4634.464285714285,Expt2020_017_setIII_STLC_GM132_RO3306_mKate2-Astrin_Nuf2-GFP_GFP_timelapse_06_R3D_D3D_Z1_C1_T01.tif,6169.958737085284,5617.26,0.7511337568366991,2.1394082559732044,0.35109416575333013,cdki,set3_timelapse_cdki_cell_4,Expt2020_017_setIII_STLC_GM132_RO3306_mKate2-Astrin_Nuf2-GFP_GFP_timelapse_06_R3D_D3D
471,471,21_11,45,16573.2,Expt2020_017_setIII_STLC_GM132_RO3306_mKate2-Astrin_Nuf2-GFP_GFP_timelapse_06_R3D_D3D_Z1_C0_T01.tif,7132.846844899976,5552.225,6283.11111111111,Expt2020_017_setIII_STLC_GM132_RO3306_mKate2-Astrin_Nuf2-GFP_GFP_timelapse_06_R3D_D3D_Z1_C1_T01.tif,6169.958737085284,5617.26,1.0183392432344336,2.323504255786724,0.4382773307594525,cdki,set3_timelapse_cdki_cell_4,Expt2020_017_setIII_STLC_GM132_RO3306_mKate2-Astrin_Nuf2-GFP_GFP_timelapse_06_R3D_D3D
472,472,21_12,35,16170.114285714288,Expt2020_017_setIII_STLC_GM132_RO3306_mKate2-Astrin_Nuf2-GFP_GFP_timelapse_06_R3D_D3D_Z1_C0_T01.tif,7132.846844899976,5552.225,6345.97142857143,Expt2020_017_setIII_STLC_GM132_RO3306_mKate2-Astrin_Nuf2-GFP_GFP_timelapse_06_R3D_D3D_Z1_C1_T01.tif,6169.958737085284,5617.26,1.0285273693044656,2.2669930586377314,0.4536967439690894,cdki,set3_timelapse_cdki_cell_4,Expt2020_017_setIII_STLC_GM132_RO3306_mKate2-Astrin_Nuf2-GFP_GFP_timelapse_06_R3D_D3D
473,473,21_13,68,17708.279411764706,Expt2020_017_setIII_STLC_GM132_RO3306_mKate2-Astrin_Nuf2-GFP_GFP_timelapse_06_R3D_D3D_Z1_C0_T01.tif,7132.846844899976,5552.225,6815.264705882353,Expt2020_017_setIII_STLC_GM132_RO3306_mKate2-Astrin_Nuf2-GFP_GFP_timelapse_06_R3D_D3D_Z1_C1_T01.tif,6169.958737085284,5617.26,1.104588376729066,2.4826383906485,0.4449251976807352,cdki,set3_timelapse_cdki_cell_4,Expt2020_017_setIII_STLC_GM132_RO3306_mKate2-Astrin_Nuf2-GFP_GFP_timelapse_06_R3D_D3D
474,474,21_14,30,16502.833333333332,Expt2020_017_setIII_STLC_GM132_RO3306_mKate2-Astrin_Nuf2-GFP_GFP_timelapse_06_R3D_D3D_Z1_C0_T01.tif,7132.846844899976,5552.225,5266.766666666666,Expt2020_017_setIII_STLC_GM132_RO3306_mKate2-Astrin_Nuf2-GFP_GFP_timelapse_06_R3D_D3D_Z1_C1_T01.tif,6169.958737085284,5617.26,0.8536145687669072,2.3136390970083633,0.36894888657036795,cdki,set3_timelapse_cdki_cell_4,Expt2020_017_setIII_STLC_GM132_RO3306_mKate2-Astrin_Nuf2-GFP_GFP_timelapse_06_R3D_D3D
475,475,21_15,16,15430.0625,Expt2020_017_setIII_STLC_GM132_RO3306_mKate2-Astrin_Nuf2-GFP_GFP_timelapse_06_R3D_D3D_Z1_C0_T01.tif,7132.846844899976,5552.225,6504.4375,Expt2020_017_setIII_STLC_GM132_RO3306_mKate2-Astrin_Nuf2-GFP_GFP_timelapse_06_R3D_D3D_Z1_C1_T01.tif,6169.958737085284,5617.26,1.0542108589647918,2.163240405341463,0.4873294971570147,cdki,set3_timelapse_cdki_cell_4,Expt2020_017_setIII_STLC_GM132_RO3306_mKate2-Astrin_Nuf2-GFP_GFP_timelapse_06_R3D_D3D
476,476,21_16,28,15152.25,Expt2020_017_setIII_STLC_GM132_RO3306_mKate2-Astrin_Nuf2-GFP_GFP_timelapse_06_R3D_D3D_Z1_C0_T01.tif,7132.846844899976,5552.225,9030.642857142857,Expt2020_017_setIII_STLC_GM132_RO3306_mKate2-Astrin_Nuf2-GFP_GFP_timelapse_06_R3D_D3D_Z1_C1_T01.tif,6169.958737085284,5617.26,1.4636472044558555,2.1242920715217575,0.6890046919995128,cdki,set3_timelapse_cdki_cell_4,Expt2020_017_setIII_STLC_GM132_RO3306_mKate2-Astrin_Nuf2-GFP_GFP_timelapse_06_R3D_D3D
477,477,21_17,40,16143.125,Expt2020_017_setIII_STLC_GM132_RO3306_mKate2-Astrin_Nuf2-GFP_GFP_timelapse_06_R3D_D3D_Z1_C0_T01.tif,7132.846844899976,5552.225,9360.475,Expt2020_017_setIII_STLC_GM132_RO3306_mKate2-Astrin_Nuf2-GFP_GFP_timelapse_06_R3D_D3D_Z1_C1_T01.tif,6169.958737085284,5617.26,1.5171049595093289,2.263209255858679,0.6703334901896766,cdki,set3_timelapse_cdki_cell_4,Expt2020_017_setIII_STLC_GM132_RO3306_mKate2-Astrin_Nuf2-GFP_GFP_timelapse_06_R3D_D3D
478,478,21_18,93,18607.4623655914,Expt2020_017_setIII_STLC_GM132_RO3306_mKate2-Astrin_Nuf2-GFP_GFP_timelapse_06_R3D_D3D_Z1_C0_T01.tif,7132.846844899976,5552.225,8106.47311827957,Expt2020_017_setIII_STLC_GM132_RO3306_mKate2-Astrin_Nuf2-GFP_GFP_timelapse_06_R3D_D3D_Z1_C1_T01.tif,6169.958737085284,5617.26,1.3138618042215797,2.6087006731254627,0.5036460555850023,cdki,set3_timelapse_cdki_cell_4,Expt2020_017_setIII_STLC_GM132_RO3306_mKate2-Astrin_Nuf2-GFP_GFP_timelapse_06_R3D_D3D
479,479,21_19,41,17299.609756097558,Expt2020_017_setIII_STLC_GM132_RO3306_mKate2-Astrin_Nuf2-GFP_GFP_timelapse_06_R3D_D3D_Z1_C0_T01.tif,7132.846844899976,5552.225,8852.195121951221,Expt2020_017_setIII_STLC_GM132_RO3306_mKate2-Astrin_Nuf2-GFP_GFP_timelapse_06_R3D_D3D_Z1_C1_T01.tif,6169.958737085284,5617.26,1.43472517388877,2.4253443445889875,0.5915552474392689,cdki,set3_timelapse_cdki_cell_4,Expt2020_017_setIII_STLC_GM132_RO3306_mKate2-Astrin_Nuf2-GFP_GFP_timelapse_06_R3D_D3D
480,480,21_20,16,15006.1875,Expt2020_017_setIII_STLC_GM132_RO3306_mKate2-Astrin_Nuf2-GFP_GFP_timelapse_06_R3D_D3D_Z1_C0_T01.tif,7132.846844899976,5552.225,8011.75,Expt2020_017_setIII_STLC_GM132_RO3306_mKate2-Astrin_Nuf2-GFP_GFP_timelapse_06_R3D_D3D_Z1_C1_T01.tif,6169.958737085284,5617.26,1.298509494373829,2.103814623572004,0.6172166881172868,cdki,set3_timelapse_cdki_cell_4,Expt2020_017_setIII_STLC_GM132_RO3306_mKate2-Astrin_Nuf2-GFP_GFP_timelapse_06_R3D_D3D
481,481,21_21,30,15155.133333333333,Expt2020_017_setIII_STLC_GM132_RO3306_mKate2-Astrin_Nuf2-GFP_GFP_timelapse_06_R3D_D3D_Z1_C0_T01.tif,7132.846844899976,5552.225,9724.9,Expt2020_017_setIII_STLC_GM132_RO3306_mKate2-Astrin_Nuf2-GFP_GFP_timelapse_06_R3D_D3D_Z1_C1_T01.tif,6169.958737085284,5617.26,1.5761693739615,2.124696304697659,0.7418327835731735,cdki,set3_timelapse_cdki_cell_4,Expt2020_017_setIII_STLC_GM132_RO3306_mKate2-Astrin_Nuf2-GFP_GFP_timelapse_06_R3D_D3D
483,483,21_23,38,16831.5,Expt2020_017_setIII_STLC_GM132_RO3306_mKate2-Astrin_Nuf2-GFP_GFP_timelapse_06_R3D_D3D_Z1_C0_T01.tif,7132.846844899976,5552.225,8372.368421052632,Expt2020_017_setIII_STLC_GM132_RO3306_mKate2-Astrin_Nuf2-GFP_GFP_timelapse_06_R3D_D3D_Z1_C1_T01.tif,6169.958737085284,5617.26,1.3569569551137348,2.359717005845235,0.5750507165700075,cdki,set3_timelapse_cdki_cell_4,Expt2020_017_setIII_STLC_GM132_RO3306_mKate2-Astrin_Nuf2-GFP_GFP_timelapse_06_R3D_D3D
485,485,21_25,56,16106.678571428569,Expt2020_017_setIII_STLC_GM132_RO3306_mKate2-Astrin_Nuf2-GFP_GFP_timelapse_06_R3D_D3D_Z1_C0_T01.tif,7132.846844899976,5552.225,8678.785714285714,Expt2020_017_setIII_STLC_GM132_RO3306_mKate2-Astrin_Nuf2-GFP_GFP_timelapse_06_R3D_D3D_Z1_C1_T01.tif,6169.958737085284,5617.26,1.4066197334709585,2.2580995949667604,0.6229219192130736,cdki,set3_timelapse_cdki_cell_4,Expt2020_017_setIII_STLC_GM132_RO3306_mKate2-Astrin_Nuf2-GFP_GFP_timelapse_06_R3D_D3D
486,486,21_26,21,15217.380952380952,Expt2020_017_setIII_STLC_GM132_RO3306_mKate2-Astrin_Nuf2-GFP_GFP_timelapse_06_R3D_D3D_Z1_C0_T01.tif,7132.846844899976,5552.225,5756.7619047619055,Expt2020_017_setIII_STLC_GM132_RO3306_mKate2-Astrin_Nuf2-GFP_GFP_timelapse_06_R3D_D3D_Z1_C1_T01.tif,6169.958737085284,5617.26,0.9330308596976817,2.1334232016016808,0.4373397922161918,cdki,set3_timelapse_cdki_cell_4,Expt2020_017_setIII_STLC_GM132_RO3306_mKate2-Astrin_Nuf2-GFP_GFP_timelapse_06_R3D_D3D
487,487,21_27,60,16769.15,Expt2020_017_setIII_STLC_GM132_RO3306_mKate2-Astrin_Nuf2-GFP_GFP_timelapse_06_R3D_D3D_Z1_C0_T01.tif,7132.846844899976,5552.225,6883.5666666666675,Expt2020_017_setIII_STLC_GM132_RO3306_mKate2-Astrin_Nuf2-GFP_GFP_timelapse_06_R3D_D3D_Z1_C1_T01.tif,6169.958737085284,5617.26,1.1156584606137083,2.350975755492358,0.4745512402700466,cdki,set3_timelapse_cdki_cell_4,Expt2020_017_setIII_STLC_GM132_RO3306_mKate2-Astrin_Nuf2-GFP_GFP_timelapse_06_R3D_D3D
488,488,21_28,38,18381.84210526316,Expt2020_017_setIII_STLC_GM132_RO3306_mKate2-Astrin_Nuf2-GFP_GFP_timelapse_06_R3D_D3D_Z1_C0_T01.tif,7132.846844899976,5552.225,6528.210526315788,Expt2020_017_setIII_STLC_GM132_RO3306_mKate2-Astrin_Nuf2-GFP_GFP_timelapse_06_R3D_D3D_Z1_C1_T01.tif,6169.958737085284,5617.26,1.0580638873769428,2.5770695074444614,0.4105686262324243,cdki,set3_timelapse_cdki_cell_4,Expt2020_017_setIII_STLC_GM132_RO3306_mKate2-Astrin_Nuf2-GFP_GFP_timelapse_06_R3D_D3D
489,489,22_1,12,17266.75,Expt2020_017_setIII_STLC_GM132_RO3306_mKate2-Astrin_Nuf2-GFP_GFP_timelapse_06_R3D_D3D_Z1_C0_T02.tif,7213.627409959799,5478.905,4972.083333333333,Expt2020_017_setIII_STLC_GM132_RO3306_mKate2-Astrin_Nuf2-GFP_GFP_timelapse_06_R3D_D3D_Z1_C1_T02.tif,6018.8748826438,5528.2225,0.8260818558749202,2.393629310013979,0.3451168701932781,cdki,set3_timelapse_cdki_cell_4,Expt2020_017_setIII_STLC_GM132_RO3306_mKate2-Astrin_Nuf2-GFP_GFP_timelapse_06_R3D_D3D
490,490,22_2,16,18632.6875,Expt2020_017_setIII_STLC_GM132_RO3306_mKate2-Astrin_Nuf2-GFP_GFP_timelapse_06_R3D_D3D_Z1_C0_T02.tif,7213.627409959799,5478.905,6531.3125,Expt2020_017_setIII_STLC_GM132_RO3306_mKate2-Astrin_Nuf2-GFP_GFP_timelapse_06_R3D_D3D_Z1_C1_T02.tif,6018.8748826438,5528.2225,1.0851384398824901,2.5829844599783454,0.4201103245861524,cdki,set3_timelapse_cdki_cell_4,Expt2020_017_setIII_STLC_GM132_RO3306_mKate2-Astrin_Nuf2-GFP_GFP_timelapse_06_R3D_D3D
491,491,22_3,12,16996.916666666668,Expt2020_017_setIII_STLC_GM132_RO3306_mKate2-Astrin_Nuf2-GFP_GFP_timelapse_06_R3D_D3D_Z1_C0_T02.tif,7213.627409959799,5478.905,5921.333333333332,Expt2020_017_setIII_STLC_GM132_RO3306_mKate2-Astrin_Nuf2-GFP_GFP_timelapse_06_R3D_D3D_Z1_C1_T02.tif,6018.8748826438,5528.2225,0.9837940559967874,2.3562232564436525,0.4175300677923319,cdki,set3_timelapse_cdki_cell_4,Expt2020_017_setIII_STLC_GM132_RO3306_mKate2-Astrin_Nuf2-GFP_GFP_timelapse_06_R3D_D3D
492,492,22_4,16,16288.25,Expt2020_017_setIII_STLC_GM132_RO3306_mKate2-Astrin_Nuf2-GFP_GFP_timelapse_06_R3D_D3D_Z1_C0_T02.tif,7213.627409959799,5478.905,5933.6875,Expt2020_017_setIII_STLC_GM132_RO3306_mKate2-Astrin_Nuf2-GFP_GFP_timelapse_06_R3D_D3D_Z1_C1_T02.tif,6018.8748826438,5528.2225,0.9858466267691576,2.2579832689322075,0.4366049298652957,cdki,set3_timelapse_cdki_cell_4,Expt2020_017_setIII_STLC_GM132_RO3306_mKate2-Astrin_Nuf2-GFP_GFP_timelapse_06_R3D_D3D
493,493,22_5,21,16400.47619047619,Expt2020_017_setIII_STLC_GM132_RO3306_mKate2-Astrin_Nuf2-GFP_GFP_timelapse_06_R3D_D3D_Z1_C0_T02.tif,7213.627409959799,5478.905,4711.761904761905,Expt2020_017_setIII_STLC_GM132_RO3306_mKate2-Astrin_Nuf2-GFP_GFP_timelapse_06_R3D_D3D_Z1_C1_T02.tif,6018.8748826438,5528.2225,0.7828310102190155,2.2735407941685737,0.34432239449008617,cdki,set3_timelapse_cdki_cell_4,Expt2020_017_setIII_STLC_GM132_RO3306_mKate2-Astrin_Nuf2-GFP_GFP_timelapse_06_R3D_D3D
494,494,22_6,35,18439.17142857143,Expt2020_017_setIII_STLC_GM132_RO3306_mKate2-Astrin_Nuf2-GFP_GFP_timelapse_06_R3D_D3D_Z1_C0_T02.tif,7213.627409959799,5478.905,6312.02857142857,Expt2020_017_setIII_STLC_GM132_RO3306_mKate2-Astrin_Nuf2-GFP_GFP_timelapse_06_R3D_D3D_Z1_C1_T02.tif,6018.8748826438,5528.2225,1.0487057289777058,2.5561580021602737,0.410266395149055,cdki,set3_timelapse_cdki_cell_4,Expt2020_017_setIII_STLC_GM132_RO3306_mKate2-Astrin_Nuf2-GFP_GFP_timelapse_06_R3D_D3D
495,495,22_7,58,18585.706896551725,Expt2020_017_setIII_STLC_GM132_RO3306_mKate2-Astrin_Nuf2-GFP_GFP_timelapse_06_R3D_D3D_Z1_C0_T02.tif,7213.627409959799,5478.905,6242.327586206897,Expt2020_017_setIII_STLC_GM132_RO3306_mKate2-Astrin_Nuf2-GFP_GFP_timelapse_06_R3D_D3D_Z1_C1_T02.tif,6018.8748826438,5528.2225,1.0371253278926682,2.5764717028343584,0.4025370535805745,cdki,set3_timelapse_cdki_cell_4,Expt2020_017_setIII_STLC_GM132_RO3306_mKate2-Astrin_Nuf2-GFP_GFP_timelapse_06_R3D_D3D
496,496,22_8,30,16696.4,Expt2020_017_setIII_STLC_GM132_RO3306_mKate2-Astrin_Nuf2-GFP_GFP_timelapse_06_R3D_D3D_Z1_C0_T02.tif,7213.627409959799,5478.905,5623.733333333334,Expt2020_017_setIII_STLC_GM132_RO3306_mKate2-Astrin_Nuf2-GFP_GFP_timelapse_06_R3D_D3D_Z1_C1_T02.tif,6018.8748826438,5528.2225,0.9343495990504955,2.3145636794253353,0.40368282253633125,cdki,set3_timelapse_cdki_cell_4,Expt2020_017_setIII_STLC_GM132_RO3306_mKate2-Astrin_Nuf2-GFP_GFP_timelapse_06_R3D_D3D
497,497,22_9,20,17185.55,Expt2020_017_setIII_STLC_GM132_RO3306_mKate2-Astrin_Nuf2-GFP_GFP_timelapse_06_R3D_D3D_Z1_C0_T02.tif,7213.627409959799,5478.905,6250.85,Expt2020_017_setIII_STLC_GM132_RO3306_mKate2-Astrin_Nuf2-GFP_GFP_timelapse_06_R3D_D3D_Z1_C1_T02.tif,6018.8748826438,5528.2225,1.0385412758828283,2.3823728373151134,0.4359272652945639,cdki,set3_timelapse_cdki_cell_4,Expt2020_017_setIII_STLC_GM132_RO3306_mKate2-Astrin_Nuf2-GFP_GFP_timelapse_06_R3D_D3D
498,498,22_10,24,16871.166666666668,Expt2020_017_setIII_STLC_GM132_RO3306_mKate2-Astrin_Nuf2-GFP_GFP_timelapse_06_R3D_D3D_Z1_C0_T02.tif,7213.627409959799,5478.905,8642.958333333334,Expt2020_017_setIII_STLC_GM132_RO3306_mKate2-Astrin_Nuf2-GFP_GFP_timelapse_06_R3D_D3D_Z1_C1_T02.tif,6018.8748826438,5528.2225,1.4359757432832532,2.338790972676629,0.613982078800249,cdki,set3_timelapse_cdki_cell_4,Expt2020_017_setIII_STLC_GM132_RO3306_mKate2-Astrin_Nuf2-GFP_GFP_timelapse_06_R3D_D3D
499,499,22_11,16,18019.3125,Expt2020_017_setIII_STLC_GM132_RO3306_mKate2-Astrin_Nuf2-GFP_GFP_timelapse_06_R3D_D3D_Z1_C0_T02.tif,7213.627409959799,5478.905,6337.5,Expt2020_017_setIII_STLC_GM132_RO3306_mKate2-Astrin_Nuf2-GFP_GFP_timelapse_06_R3D_D3D_Z1_C1_T02.tif,6018.8748826438,5528.2225,1.0529376542242133,2.497954423750924,0.42151996217894316,cdki,set3_timelapse_cdki_cell_4,Expt2020_017_setIII_STLC_GM132_RO3306_mKate2-Astrin_Nuf2-GFP_GFP_timelapse_06_R3D_D3D
500,500,22_12,83,21796.77108433735,Expt2020_017_setIII_STLC_GM132_RO3306_mKate2-Astrin_Nuf2-GFP_GFP_timelapse_06_R3D_D3D_Z1_C0_T02.tif,7213.627409959799,5478.905,7687.072289156626,Expt2020_017_setIII_STLC_GM132_RO3306_mKate2-Astrin_Nuf2-GFP_GFP_timelapse_06_R3D_D3D_Z1_C1_T02.tif,6018.8748826438,5528.2225,1.277161004180912,3.0216103280081694,0.4226756151653778,cdki,set3_timelapse_cdki_cell_4,Expt2020_017_setIII_STLC_GM132_RO3306_mKate2-Astrin_Nuf2-GFP_GFP_timelapse_06_R3D_D3D
501,501,22_13,26,17862.30769230769,Expt2020_017_setIII_STLC_GM132_RO3306_mKate2-Astrin_Nuf2-GFP_GFP_timelapse_06_R3D_D3D_Z1_C0_T02.tif,7213.627409959799,5478.905,9216.115384615385,Expt2020_017_setIII_STLC_GM132_RO3306_mKate2-Astrin_Nuf2-GFP_GFP_timelapse_06_R3D_D3D_Z1_C1_T02.tif,6018.8748826438,5528.2225,1.5312023533154409,2.4761893950393588,0.6183704511387356,cdki,set3_timelapse_cdki_cell_4,Expt2020_017_setIII_STLC_GM132_RO3306_mKate2-Astrin_Nuf2-GFP_GFP_timelapse_06_R3D_D3D
503,503,22_15,26,19798.46153846154,Expt2020_017_setIII_STLC_GM132_RO3306_mKate2-Astrin_Nuf2-GFP_GFP_timelapse_06_R3D_D3D_Z1_C0_T02.tif,7213.627409959799,5478.905,9931.692307692309,Expt2020_017_setIII_STLC_GM132_RO3306_mKate2-Astrin_Nuf2-GFP_GFP_timelapse_06_R3D_D3D_Z1_C1_T02.tif,6018.8748826438,5528.2225,1.650091171745673,2.7445916476259864,0.6012155481027449,cdki,set3_timelapse_cdki_cell_4,Expt2020_017_setIII_STLC_GM132_RO3306_mKate2-Astrin_Nuf2-GFP_GFP_timelapse_06_R3D_D3D
505,505,22_17,12,18724.25,Expt2020_017_setIII_STLC_GM132_RO3306_mKate2-Astrin_Nuf2-GFP_GFP_timelapse_06_R3D_D3D_Z1_C0_T02.tif,7213.627409959799,5478.905,5065.166666666667,Expt2020_017_setIII_STLC_GM132_RO3306_mKate2-Astrin_Nuf2-GFP_GFP_timelapse_06_R3D_D3D_Z1_C1_T02.tif,6018.8748826438,5528.2225,0.8415470940046829,2.5956774498981714,0.32421096621142076,cdki,set3_timelapse_cdki_cell_4,Expt2020_017_setIII_STLC_GM132_RO3306_mKate2-Astrin_Nuf2-GFP_GFP_timelapse_06_R3D_D3D
506,506,22_18,26,19968.69230769231,Expt2020_017_setIII_STLC_GM132_RO3306_mKate2-Astrin_Nuf2-GFP_GFP_timelapse_06_R3D_D3D_Z1_C0_T02.tif,7213.627409959799,5478.905,9764.884615384615,Expt2020_017_setIII_STLC_GM132_RO3306_mKate2-Astrin_Nuf2-GFP_GFP_timelapse_06_R3D_D3D_Z1_C1_T02.tif,6018.8748826438,5528.2225,1.622377073087682,2.7681901452411712,0.5860786246482128,cdki,set3_timelapse_cdki_cell_4,Expt2020_017_setIII_STLC_GM132_RO3306_mKate2-Astrin_Nuf2-GFP_GFP_timelapse_06_R3D_D3D
507,507,22_19,32,18441.78125,Expt2020_017_setIII_STLC_GM132_RO3306_mKate2-Astrin_Nuf2-GFP_GFP_timelapse_06_R3D_D3D_Z1_C0_T02.tif,7213.627409959799,5478.905,7064.5625,Expt2020_017_setIII_STLC_GM132_RO3306_mKate2-Astrin_Nuf2-GFP_GFP_timelapse_06_R3D_D3D_Z1_C1_T02.tif,6018.8748826438,5528.2225,1.1737347324450247,2.5565197925994316,0.4591142755251617,cdki,set3_timelapse_cdki_cell_4,Expt2020_017_setIII_STLC_GM132_RO3306_mKate2-Astrin_Nuf2-GFP_GFP_timelapse_06_R3D_D3D
508,508,22_20,32,19872.53125,Expt2020_017_setIII_STLC_GM132_RO3306_mKate2-Astrin_Nuf2-GFP_GFP_timelapse_06_R3D_D3D_Z1_C0_T02.tif,7213.627409959799,5478.905,6624.90625,Expt2020_017_setIII_STLC_GM132_RO3306_mKate2-Astrin_Nuf2-GFP_GFP_timelapse_06_R3D_D3D_Z1_C1_T02.tif,6018.8748826438,5528.2225,1.1006884806832866,2.7548596733125073,0.399544300330838,cdki,set3_timelapse_cdki_cell_4,Expt2020_017_setIII_STLC_GM132_RO3306_mKate2-Astrin_Nuf2-GFP_GFP_timelapse_06_R3D_D3D
509,509,23_1,30,15471.333333333336,Expt2020_017_setIII_STLC_GM132_RO3306_mKate2-Astrin_Nuf2-GFP_GFP_timelapse_06_R3D_D3D_Z1_C0_T03.tif,6977.052027796081,5461.06,5294.366666666667,Expt2020_017_setIII_STLC_GM132_RO3306_mKate2-Astrin_Nuf2-GFP_GFP_timelapse_06_R3D_D3D_Z1_C1_T03.tif,6308.410424202565,5330.32,0.8392552656933253,2.21745993461087,0.3784759546695493,cdki,set3_timelapse_cdki_cell_4,Expt2020_017_setIII_STLC_GM132_RO3306_mKate2-Astrin_Nuf2-GFP_GFP_timelapse_06_R3D_D3D
510,510,23_2,20,18242.95,Expt2020_017_setIII_STLC_GM132_RO3306_mKate2-Astrin_Nuf2-GFP_GFP_timelapse_06_R3D_D3D_Z1_C0_T03.tif,6977.052027796081,5461.06,5827.8,Expt2020_017_setIII_STLC_GM132_RO3306_mKate2-Astrin_Nuf2-GFP_GFP_timelapse_06_R3D_D3D_Z1_C1_T03.tif,6308.410424202565,5330.32,0.9238143380210843,2.61470746202284,0.35331460648618235,cdki,set3_timelapse_cdki_cell_4,Expt2020_017_setIII_STLC_GM132_RO3306_mKate2-Astrin_Nuf2-GFP_GFP_timelapse_06_R3D_D3D
511,511,23_3,12,18456.5,Expt2020_017_setIII_STLC_GM132_RO3306_mKate2-Astrin_Nuf2-GFP_GFP_timelapse_06_R3D_D3D_Z1_C0_T03.tif,6977.052027796081,5461.06,6793.833333333332,Expt2020_017_setIII_STLC_GM132_RO3306_mKate2-Astrin_Nuf2-GFP_GFP_timelapse_06_R3D_D3D_Z1_C1_T03.tif,6308.410424202565,5330.32,1.0769485300557515,2.645314944832088,0.40711542954826163,cdki,set3_timelapse_cdki_cell_4,Expt2020_017_setIII_STLC_GM132_RO3306_mKate2-Astrin_Nuf2-GFP_GFP_timelapse_06_R3D_D3D
512,512,23_4,16,16640.8125,Expt2020_017_setIII_STLC_GM132_RO3306_mKate2-Astrin_Nuf2-GFP_GFP_timelapse_06_R3D_D3D_Z1_C0_T03.tif,6977.052027796081,5461.06,5389.5625,Expt2020_017_setIII_STLC_GM132_RO3306_mKate2-Astrin_Nuf2-GFP_GFP_timelapse_06_R3D_D3D_Z1_C1_T03.tif,6308.410424202565,5330.32,0.8543455700540101,2.385077885861275,0.35820447420965357,cdki,set3_timelapse_cdki_cell_4,Expt2020_017_setIII_STLC_GM132_RO3306_mKate2-Astrin_Nuf2-GFP_GFP_timelapse_06_R3D_D3D
513,513,23_5,12,15141.916666666664,Expt2020_017_setIII_STLC_GM132_RO3306_mKate2-Astrin_Nuf2-GFP_GFP_timelapse_06_R3D_D3D_Z1_C0_T03.tif,6977.052027796081,5461.06,5179.583333333333,Expt2020_017_setIII_STLC_GM132_RO3306_mKate2-Astrin_Nuf2-GFP_GFP_timelapse_06_R3D_D3D_Z1_C1_T03.tif,6308.410424202565,5330.32,0.8210599794619537,2.1702456290052505,0.37832583026018723,cdki,set3_timelapse_cdki_cell_4,Expt2020_017_setIII_STLC_GM132_RO3306_mKate2-Astrin_Nuf2-GFP_GFP_timelapse_06_R3D_D3D
514,514,23_6,12,15093.0,Expt2020_017_setIII_STLC_GM132_RO3306_mKate2-Astrin_Nuf2-GFP_GFP_timelapse_06_R3D_D3D_Z1_C0_T03.tif,6977.052027796081,5461.06,4585.666666666667,Expt2020_017_setIII_STLC_GM132_RO3306_mKate2-Astrin_Nuf2-GFP_GFP_timelapse_06_R3D_D3D_Z1_C1_T03.tif,6308.410424202565,5330.32,0.7269131775373244,2.1632345494731235,0.336030680406048,cdki,set3_timelapse_cdki_cell_4,Expt2020_017_setIII_STLC_GM132_RO3306_mKate2-Astrin_Nuf2-GFP_GFP_timelapse_06_R3D_D3D
515,515,23_7,16,15444.0625,Expt2020_017_setIII_STLC_GM132_RO3306_mKate2-Astrin_Nuf2-GFP_GFP_timelapse_06_R3D_D3D_Z1_C0_T03.tif,6977.052027796081,5461.06,4298.3125,Expt2020_017_setIII_STLC_GM132_RO3306_mKate2-Astrin_Nuf2-GFP_GFP_timelapse_06_R3D_D3D_Z1_C1_T03.tif,6308.410424202565,5330.32,0.6813622150374501,2.2135512876315024,0.30781406278889833,cdki,set3_timelapse_cdki_cell_4,Expt2020_017_setIII_STLC_GM132_RO3306_mKate2-Astrin_Nuf2-GFP_GFP_timelapse_06_R3D_D3D
516,516,23_8,26,15029.53846153846,Expt2020_017_setIII_STLC_GM132_RO3306_mKate2-Astrin_Nuf2-GFP_GFP_timelapse_06_R3D_D3D_Z1_C0_T03.tif,6977.052027796081,5461.06,4791.076923076923,Expt2020_017_setIII_STLC_GM132_RO3306_mKate2-Astrin_Nuf2-GFP_GFP_timelapse_06_R3D_D3D_Z1_C1_T03.tif,6308.410424202565,5330.32,0.7594745111535057,2.1541387969678083,0.35256526284311446,cdki,set3_timelapse_cdki_cell_4,Expt2020_017_setIII_STLC_GM132_RO3306_mKate2-Astrin_Nuf2-GFP_GFP_timelapse_06_R3D_D3D
517,517,23_9,52,19982.903846153848,Expt2020_017_setIII_STLC_GM132_RO3306_mKate2-Astrin_Nuf2-GFP_GFP_timelapse_06_R3D_D3D_Z1_C0_T03.tif,6977.052027796081,5461.06,6102.269230769231,Expt2020_017_setIII_STLC_GM132_RO3306_mKate2-Astrin_Nuf2-GFP_GFP_timelapse_06_R3D_D3D_Z1_C1_T03.tif,6308.410424202565,5330.32,0.9673227993152662,2.864089842894015,0.3377417791956681,cdki,set3_timelapse_cdki_cell_4,Expt2020_017_setIII_STLC_GM132_RO3306_mKate2-Astrin_Nuf2-GFP_GFP_timelapse_06_R3D_D3D
518,518,23_10,12,16505.166666666668,Expt2020_017_setIII_STLC_GM132_RO3306_mKate2-Astrin_Nuf2-GFP_GFP_timelapse_06_R3D_D3D_Z1_C0_T03.tif,6977.052027796081,5461.06,8126.75,Expt2020_017_setIII_STLC_GM132_RO3306_mKate2-Astrin_Nuf2-GFP_GFP_timelapse_06_R3D_D3D_Z1_C1_T03.tif,6308.410424202565,5330.32,1.2882405318495567,2.365636174262604,0.5445640990213196,cdki,set3_timelapse_cdki_cell_4,Expt2020_017_setIII_STLC_GM132_RO3306_mKate2-Astrin_Nuf2-GFP_GFP_timelapse_06_R3D_D3D
519,519,23_11,34,17419.147058823528,Expt2020_017_setIII_STLC_GM132_RO3306_mKate2-Astrin_Nuf2-GFP_GFP_timelapse_06_R3D_D3D_Z1_C0_T03.tif,6977.052027796081,5461.06,9224.823529411764,Expt2020_017_setIII_STLC_GM132_RO3306_mKate2-Astrin_Nuf2-GFP_GFP_timelapse_06_R3D_D3D_Z1_C1_T03.tif,6308.410424202565,5330.32,1.462305542775121,2.4966342503147287,0.5857107594317353,cdki,set3_timelapse_cdki_cell_4,Expt2020_017_setIII_STLC_GM132_RO3306_mKate2-Astrin_Nuf2-GFP_GFP_timelapse_06_R3D_D3D
520,520,23_12,80,19674.9,Expt2020_017_setIII_STLC_GM132_RO3306_mKate2-Astrin_Nuf2-GFP_GFP_timelapse_06_R3D_D3D_Z1_C0_T03.tif,6977.052027796081,5461.06,6927.775,Expt2020_017_setIII_STLC_GM132_RO3306_mKate2-Astrin_Nuf2-GFP_GFP_timelapse_06_R3D_D3D_Z1_C1_T03.tif,6308.410424202565,5330.32,1.0981807672850847,2.8199445728104924,0.3894334583287873,cdki,set3_timelapse_cdki_cell_4,Expt2020_017_setIII_STLC_GM132_RO3306_mKate2-Astrin_Nuf2-GFP_GFP_timelapse_06_R3D_D3D
521,521,23_13,27,16394.11111111111,Expt2020_017_setIII_STLC_GM132_RO3306_mKate2-Astrin_Nuf2-GFP_GFP_timelapse_06_R3D_D3D_Z1_C0_T03.tif,6977.052027796081,5461.06,9329.444444444445,Expt2020_017_setIII_STLC_GM132_RO3306_mKate2-Astrin_Nuf2-GFP_GFP_timelapse_06_R3D_D3D_Z1_C1_T03.tif,6308.410424202565,5330.32,1.4788898973109796,2.349718913632596,0.6293901320412234,cdki,set3_timelapse_cdki_cell_4,Expt2020_017_setIII_STLC_GM132_RO3306_mKate2-Astrin_Nuf2-GFP_GFP_timelapse_06_R3D_D3D
522,522,23_14,12,16658.666666666668,Expt2020_017_setIII_STLC_GM132_RO3306_mKate2-Astrin_Nuf2-GFP_GFP_timelapse_06_R3D_D3D_Z1_C0_T03.tif,6977.052027796081,5461.06,8551.333333333334,Expt2020_017_setIII_STLC_GM132_RO3306_mKate2-Astrin_Nuf2-GFP_GFP_timelapse_06_R3D_D3D_Z1_C1_T03.tif,6308.410424202565,5330.32,1.3555448612737167,2.3876368701709145,0.5677349341554951,cdki,set3_timelapse_cdki_cell_4,Expt2020_017_setIII_STLC_GM132_RO3306_mKate2-Astrin_Nuf2-GFP_GFP_timelapse_06_R3D_D3D
524,524,23_16,32,18956.28125,Expt2020_017_setIII_STLC_GM132_RO3306_mKate2-Astrin_Nuf2-GFP_GFP_timelapse_06_R3D_D3D_Z1_C0_T03.tif,6977.052027796081,5461.06,8317.84375,Expt2020_017_setIII_STLC_GM132_RO3306_mKate2-Astrin_Nuf2-GFP_GFP_timelapse_06_R3D_D3D_Z1_C1_T03.tif,6308.410424202565,5330.32,1.3185324337947533,2.7169470966361606,0.4852992667495153,cdki,set3_timelapse_cdki_cell_4,Expt2020_017_setIII_STLC_GM132_RO3306_mKate2-Astrin_Nuf2-GFP_GFP_timelapse_06_R3D_D3D
525,525,23_17,21,18535.19047619048,Expt2020_017_setIII_STLC_GM132_RO3306_mKate2-Astrin_Nuf2-GFP_GFP_timelapse_06_R3D_D3D_Z1_C0_T03.tif,6977.052027796081,5461.06,5600.333333333332,Expt2020_017_setIII_STLC_GM132_RO3306_mKate2-Astrin_Nuf2-GFP_GFP_timelapse_06_R3D_D3D_Z1_C1_T03.tif,6308.410424202565,5330.32,0.8877566544889571,2.6565934154349993,0.334171066347988,cdki,set3_timelapse_cdki_cell_4,Expt2020_017_setIII_STLC_GM132_RO3306_mKate2-Astrin_Nuf2-GFP_GFP_timelapse_06_R3D_D3D
527,527,23_19,38,18513.631578947367,Expt2020_017_setIII_STLC_GM132_RO3306_mKate2-Astrin_Nuf2-GFP_GFP_timelapse_06_R3D_D3D_Z1_C0_T03.tif,6977.052027796081,5461.06,8028.157894736842,Expt2020_017_setIII_STLC_GM132_RO3306_mKate2-Astrin_Nuf2-GFP_GFP_timelapse_06_R3D_D3D_Z1_C1_T03.tif,6308.410424202565,5330.32,1.2726118554265857,2.65350344317204,0.47959683591187857,cdki,set3_timelapse_cdki_cell_4,Expt2020_017_setIII_STLC_GM132_RO3306_mKate2-Astrin_Nuf2-GFP_GFP_timelapse_06_R3D_D3D
528,528,23_20,32,17822.25,Expt2020_017_setIII_STLC_GM132_RO3306_mKate2-Astrin_Nuf2-GFP_GFP_timelapse_06_R3D_D3D_Z1_C0_T03.tif,6977.052027796081,5461.06,8603.125,Expt2020_017_setIII_STLC_GM132_RO3306_mKate2-Astrin_Nuf2-GFP_GFP_timelapse_06_R3D_D3D_Z1_C1_T03.tif,6308.410424202565,5330.32,1.3637548005744262,2.554409789263061,0.5338825455127406,cdki,set3_timelapse_cdki_cell_4,Expt2020_017_setIII_STLC_GM132_RO3306_mKate2-Astrin_Nuf2-GFP_GFP_timelapse_06_R3D_D3D
529,529,23_21,34,18030.676470588234,Expt2020_017_setIII_STLC_GM132_RO3306_mKate2-Astrin_Nuf2-GFP_GFP_timelapse_06_R3D_D3D_Z1_C0_T03.tif,6977.052027796081,5461.06,6475.2941176470595,Expt2020_017_setIII_STLC_GM132_RO3306_mKate2-Astrin_Nuf2-GFP_GFP_timelapse_06_R3D_D3D_Z1_C1_T03.tif,6308.410424202565,5330.32,1.0264541591657124,2.5842829319253027,0.3971910917667979,cdki,set3_timelapse_cdki_cell_4,Expt2020_017_setIII_STLC_GM132_RO3306_mKate2-Astrin_Nuf2-GFP_GFP_timelapse_06_R3D_D3D
530,530,23_22,32,16358.90625,Expt2020_017_setIII_STLC_GM132_RO3306_mKate2-Astrin_Nuf2-GFP_GFP_timelapse_06_R3D_D3D_Z1_C0_T03.tif,6977.052027796081,5461.06,7289.03125,Expt2020_017_setIII_STLC_GM132_RO3306_mKate2-Astrin_Nuf2-GFP_GFP_timelapse_06_R3D_D3D_Z1_C1_T03.tif,6308.410424202565,5330.32,1.1554465800188316,2.3446731061811317,0.4927964486703037,cdki,set3_timelapse_cdki_cell_4,Expt2020_017_setIII_STLC_GM132_RO3306_mKate2-Astrin_Nuf2-GFP_GFP_timelapse_06_R3D_D3D
531,531,24_1,38,16375.052631578948,Expt2020_017_setIII_STLC_GM132_RO3306_mKate2-Astrin_Nuf2-GFP_GFP_timelapse_06_R3D_D3D_Z1_C0_T04.tif,7075.721439050839,5434.2375,5472.684210526316,Expt2020_017_setIII_STLC_GM132_RO3306_mKate2-Astrin_Nuf2-GFP_GFP_timelapse_06_R3D_D3D_Z1_C1_T04.tif,5522.259984999063,5326.9475,0.9910225569590317,2.314259086176738,0.42822455051748176,cdki,set3_timelapse_cdki_cell_4,Expt2020_017_setIII_STLC_GM132_RO3306_mKate2-Astrin_Nuf2-GFP_GFP_timelapse_06_R3D_D3D
532,532,24_2,26,14734.115384615383,Expt2020_017_setIII_STLC_GM132_RO3306_mKate2-Astrin_Nuf2-GFP_GFP_timelapse_06_R3D_D3D_Z1_C0_T04.tif,7075.721439050839,5434.2375,5168.807692307692,Expt2020_017_setIII_STLC_GM132_RO3306_mKate2-Astrin_Nuf2-GFP_GFP_timelapse_06_R3D_D3D_Z1_C1_T04.tif,5522.259984999063,5326.9475,0.9359949923307658,2.082348140968063,0.4494901567687096,cdki,set3_timelapse_cdki_cell_4,Expt2020_017_setIII_STLC_GM132_RO3306_mKate2-Astrin_Nuf2-GFP_GFP_timelapse_06_R3D_D3D
533,533,24_3,31,15858.709677419352,Expt2020_017_setIII_STLC_GM132_RO3306_mKate2-Astrin_Nuf2-GFP_GFP_timelapse_06_R3D_D3D_Z1_C0_T04.tif,7075.721439050839,5434.2375,5657.032258064517,Expt2020_017_setIII_STLC_GM132_RO3306_mKate2-Astrin_Nuf2-GFP_GFP_timelapse_06_R3D_D3D_Z1_C1_T04.tif,5522.259984999063,5326.9475,1.0244052749112784,2.2412851910612654,0.45706154620430733,cdki,set3_timelapse_cdki_cell_4,Expt2020_017_setIII_STLC_GM132_RO3306_mKate2-Astrin_Nuf2-GFP_GFP_timelapse_06_R3D_D3D
534,534,24_4,21,14776.761904761905,Expt2020_017_setIII_STLC_GM132_RO3306_mKate2-Astrin_Nuf2-GFP_GFP_timelapse_06_R3D_D3D_Z1_C0_T04.tif,7075.721439050839,5434.2375,5913.142857142857,Expt2020_017_setIII_STLC_GM132_RO3306_mKate2-Astrin_Nuf2-GFP_GFP_timelapse_06_R3D_D3D_Z1_C1_T04.tif,5522.259984999063,5326.9475,1.0707831346596515,2.08837530307639,0.5127350113182619,cdki,set3_timelapse_cdki_cell_4,Expt2020_017_setIII_STLC_GM132_RO3306_mKate2-Astrin_Nuf2-GFP_GFP_timelapse_06_R3D_D3D
535,535,24_5,16,15755.4375,Expt2020_017_setIII_STLC_GM132_RO3306_mKate2-Astrin_Nuf2-GFP_GFP_timelapse_06_R3D_D3D_Z1_C0_T04.tif,7075.721439050839,5434.2375,6793.25,Expt2020_017_setIII_STLC_GM132_RO3306_mKate2-Astrin_Nuf2-GFP_GFP_timelapse_06_R3D_D3D_Z1_C1_T04.tif,5522.259984999063,5326.9475,1.2301575837525789,2.2266899051517055,0.5524602150063493,cdki,set3_timelapse_cdki_cell_4,Expt2020_017_setIII_STLC_GM132_RO3306_mKate2-Astrin_Nuf2-GFP_GFP_timelapse_06_R3D_D3D
536,536,24_6,28,15631.75,Expt2020_017_setIII_STLC_GM132_RO3306_mKate2-Astrin_Nuf2-GFP_GFP_timelapse_06_R3D_D3D_Z1_C0_T04.tif,7075.721439050839,5434.2375,5286.107142857143,Expt2020_017_setIII_STLC_GM132_RO3306_mKate2-Astrin_Nuf2-GFP_GFP_timelapse_06_R3D_D3D_Z1_C1_T04.tif,5522.259984999063,5326.9475,0.9572361962704732,2.209209355491091,0.43329356445608863,cdki,set3_timelapse_cdki_cell_4,Expt2020_017_setIII_STLC_GM132_RO3306_mKate2-Astrin_Nuf2-GFP_GFP_timelapse_06_R3D_D3D
537,537,24_7,8,15799.625,Expt2020_017_setIII_STLC_GM132_RO3306_mKate2-Astrin_Nuf2-GFP_GFP_timelapse_06_R3D_D3D_Z1_C0_T04.tif,7075.721439050839,5434.2375,3663.25,Expt2020_017_setIII_STLC_GM132_RO3306_mKate2-Astrin_Nuf2-GFP_GFP_timelapse_06_R3D_D3D_Z1_C1_T04.tif,5522.259984999063,5326.9475,0.6633606548679402,2.2329348513922582,0.2970801653502465,cdki,set3_timelapse_cdki_cell_4,Expt2020_017_setIII_STLC_GM132_RO3306_mKate2-Astrin_Nuf2-GFP_GFP_timelapse_06_R3D_D3D
538,538,24_8,24,15711.625,Expt2020_017_setIII_STLC_GM132_RO3306_mKate2-Astrin_Nuf2-GFP_GFP_timelapse_06_R3D_D3D_Z1_C0_T04.tif,7075.721439050839,5434.2375,5690.958333333332,Expt2020_017_setIII_STLC_GM132_RO3306_mKate2-Astrin_Nuf2-GFP_GFP_timelapse_06_R3D_D3D_Z1_C1_T04.tif,5522.259984999063,5326.9475,1.0305487877775639,2.220497957040492,0.46410706414298725,cdki,set3_timelapse_cdki_cell_4,Expt2020_017_setIII_STLC_GM132_RO3306_mKate2-Astrin_Nuf2-GFP_GFP_timelapse_06_R3D_D3D
539,539,24_9,21,15174.047619047617,Expt2020_017_setIII_STLC_GM132_RO3306_mKate2-Astrin_Nuf2-GFP_GFP_timelapse_06_R3D_D3D_Z1_C0_T04.tif,7075.721439050839,5434.2375,5217.190476190476,Expt2020_017_setIII_STLC_GM132_RO3306_mKate2-Astrin_Nuf2-GFP_GFP_timelapse_06_R3D_D3D_Z1_C1_T04.tif,5522.259984999063,5326.9475,0.9447564023357661,2.1445230355313583,0.4405438350078993,cdki,set3_timelapse_cdki_cell_4,Expt2020_017_setIII_STLC_GM132_RO3306_mKate2-Astrin_Nuf2-GFP_GFP_timelapse_06_R3D_D3D
540,540,24_10,61,18136.213114754097,Expt2020_017_setIII_STLC_GM132_RO3306_mKate2-Astrin_Nuf2-GFP_GFP_timelapse_06_R3D_D3D_Z1_C0_T04.tif,7075.721439050839,5434.2375,6026.4098360655735,Expt2020_017_setIII_STLC_GM132_RO3306_mKate2-Astrin_Nuf2-GFP_GFP_timelapse_06_R3D_D3D_Z1_C1_T04.tif,5522.259984999063,5326.9475,1.0912941173425388,2.563160982378491,0.4257610524056394,cdki,set3_timelapse_cdki_cell_4,Expt2020_017_setIII_STLC_GM132_RO3306_mKate2-Astrin_Nuf2-GFP_GFP_timelapse_06_R3D_D3D
541,541,24_11,35,16008.457142857143,Expt2020_017_setIII_STLC_GM132_RO3306_mKate2-Astrin_Nuf2-GFP_GFP_timelapse_06_R3D_D3D_Z1_C0_T04.tif,7075.721439050839,5434.2375,7191.314285714286,Expt2020_017_setIII_STLC_GM132_RO3306_mKate2-Astrin_Nuf2-GFP_GFP_timelapse_06_R3D_D3D_Z1_C1_T04.tif,5522.259984999063,5326.9475,1.3022411667051395,2.2624487525055215,0.5755892438504908,cdki,set3_timelapse_cdki_cell_4,Expt2020_017_setIII_STLC_GM132_RO3306_mKate2-Astrin_Nuf2-GFP_GFP_timelapse_06_R3D_D3D
543,543,24_13,38,16891.842105263157,Expt2020_017_setIII_STLC_GM132_RO3306_mKate2-Astrin_Nuf2-GFP_GFP_timelapse_06_R3D_D3D_Z1_C0_T04.tif,7075.721439050839,5434.2375,7970.157894736842,Expt2020_017_setIII_STLC_GM132_RO3306_mKate2-Astrin_Nuf2-GFP_GFP_timelapse_06_R3D_D3D_Z1_C1_T04.tif,5522.259984999063,5326.9475,1.4432782803394568,2.3872960871575923,0.6045660980653138,cdki,set3_timelapse_cdki_cell_4,Expt2020_017_setIII_STLC_GM132_RO3306_mKate2-Astrin_Nuf2-GFP_GFP_timelapse_06_R3D_D3D
544,544,24_14,84,19926.904761904763,Expt2020_017_setIII_STLC_GM132_RO3306_mKate2-Astrin_Nuf2-GFP_GFP_timelapse_06_R3D_D3D_Z1_C0_T04.tif,7075.721439050839,5434.2375,6894.821428571428,Expt2020_017_setIII_STLC_GM132_RO3306_mKate2-Astrin_Nuf2-GFP_GFP_timelapse_06_R3D_D3D_Z1_C1_T04.tif,5522.259984999063,5326.9475,1.2485506744160648,2.816236469108064,0.4433401413949788,cdki,set3_timelapse_cdki_cell_4,Expt2020_017_setIII_STLC_GM132_RO3306_mKate2-Astrin_Nuf2-GFP_GFP_timelapse_06_R3D_D3D
545,545,24_15,12,16001.416666666664,Expt2020_017_setIII_STLC_GM132_RO3306_mKate2-Astrin_Nuf2-GFP_GFP_timelapse_06_R3D_D3D_Z1_C0_T04.tif,7075.721439050839,5434.2375,7866.583333333332,Expt2020_017_setIII_STLC_GM132_RO3306_mKate2-Astrin_Nuf2-GFP_GFP_timelapse_06_R3D_D3D_Z1_C1_T04.tif,5522.259984999063,5326.9475,1.424522451804606,2.261453733658168,0.6299144796123125,cdki,set3_timelapse_cdki_cell_4,Expt2020_017_setIII_STLC_GM132_RO3306_mKate2-Astrin_Nuf2-GFP_GFP_timelapse_06_R3D_D3D
546,546,24_16,30,19208.33333333333,Expt2020_017_setIII_STLC_GM132_RO3306_mKate2-Astrin_Nuf2-GFP_GFP_timelapse_06_R3D_D3D_Z1_C0_T04.tif,7075.721439050839,5434.2375,8929.666666666666,Expt2020_017_setIII_STLC_GM132_RO3306_mKate2-Astrin_Nuf2-GFP_GFP_timelapse_06_R3D_D3D_Z1_C1_T04.tif,5522.259984999063,5326.9475,1.6170311957284969,2.714681958411014,0.5956613778341071,cdki,set3_timelapse_cdki_cell_4,Expt2020_017_setIII_STLC_GM132_RO3306_mKate2-Astrin_Nuf2-GFP_GFP_timelapse_06_R3D_D3D
547,547,24_17,36,16998.25,Expt2020_017_setIII_STLC_GM132_RO3306_mKate2-Astrin_Nuf2-GFP_GFP_timelapse_06_R3D_D3D_Z1_C0_T04.tif,7075.721439050839,5434.2375,5499.694444444444,Expt2020_017_setIII_STLC_GM132_RO3306_mKate2-Astrin_Nuf2-GFP_GFP_timelapse_06_R3D_D3D_Z1_C1_T04.tif,5522.259984999063,5326.9475,0.9959137127524027,2.4023345388057282,0.41456079353856395,cdki,set3_timelapse_cdki_cell_4,Expt2020_017_setIII_STLC_GM132_RO3306_mKate2-Astrin_Nuf2-GFP_GFP_timelapse_06_R3D_D3D
550,550,24_20,32,18339.21875,Expt2020_017_setIII_STLC_GM132_RO3306_mKate2-Astrin_Nuf2-GFP_GFP_timelapse_06_R3D_D3D_Z1_C0_T04.tif,7075.721439050839,5434.2375,8838.71875,Expt2020_017_setIII_STLC_GM132_RO3306_mKate2-Astrin_Nuf2-GFP_GFP_timelapse_06_R3D_D3D_Z1_C1_T04.tif,5522.259984999063,5326.9475,1.6005618667013013,2.591851432814473,0.617536115858023,cdki,set3_timelapse_cdki_cell_4,Expt2020_017_setIII_STLC_GM132_RO3306_mKate2-Astrin_Nuf2-GFP_GFP_timelapse_06_R3D_D3D
551,551,24_21,44,17835.977272727272,Expt2020_017_setIII_STLC_GM132_RO3306_mKate2-Astrin_Nuf2-GFP_GFP_timelapse_06_R3D_D3D_Z1_C0_T04.tif,7075.721439050839,5434.2375,6884.431818181818,Expt2020_017_setIII_STLC_GM132_RO3306_mKate2-Astrin_Nuf2-GFP_GFP_timelapse_06_R3D_D3D_Z1_C1_T04.tif,5522.259984999063,5326.9475,1.246669268901324,2.520729147743251,0.49456692719939277,cdki,set3_timelapse_cdki_cell_4,Expt2020_017_setIII_STLC_GM132_RO3306_mKate2-Astrin_Nuf2-GFP_GFP_timelapse_06_R3D_D3D
552,552,24_22,36,17692.30555555556,Expt2020_017_setIII_STLC_GM132_RO3306_mKate2-Astrin_Nuf2-GFP_GFP_timelapse_06_R3D_D3D_Z1_C0_T04.tif,7075.721439050839,5434.2375,5680.38888888889,Expt2020_017_setIII_STLC_GM132_RO3306_mKate2-Astrin_Nuf2-GFP_GFP_timelapse_06_R3D_D3D_Z1_C1_T04.tif,5522.259984999063,5326.9475,1.0286348169625072,2.500424261745508,0.411384112968266,cdki,set3_timelapse_cdki_cell_4,Expt2020_017_setIII_STLC_GM132_RO3306_mKate2-Astrin_Nuf2-GFP_GFP_timelapse_06_R3D_D3D
553,553,24_23,26,15506.5,Expt2020_017_setIII_STLC_GM132_RO3306_mKate2-Astrin_Nuf2-GFP_GFP_timelapse_06_R3D_D3D_Z1_C0_T04.tif,7075.721439050839,5434.2375,6338.1923076923085,Expt2020_017_setIII_STLC_GM132_RO3306_mKate2-Astrin_Nuf2-GFP_GFP_timelapse_06_R3D_D3D_Z1_C1_T04.tif,5522.259984999063,5326.9475,1.1477533337636554,2.191507980291561,0.5237276542387753,cdki,set3_timelapse_cdki_cell_4,Expt2020_017_setIII_STLC_GM132_RO3306_mKate2-Astrin_Nuf2-GFP_GFP_timelapse_06_R3D_D3D
554,554,25_1,23,19464.478260869564,Expt2020_017_setIII_STLC_GM132_RO3306_mKate2-Astrin_Nuf2-GFP_GFP_timelapse_06_R3D_D3D_Z1_C0_T05.tif,7087.3434633901925,5427.545,4928.739130434783,Expt2020_017_setIII_STLC_GM132_RO3306_mKate2-Astrin_Nuf2-GFP_GFP_timelapse_06_R3D_D3D_Z1_C1_T05.tif,5486.96535721289,5329.61,0.8982632128259583,2.746371522900463,0.32707272316794783,cdki,set3_timelapse_cdki_cell_4,Expt2020_017_setIII_STLC_GM132_RO3306_mKate2-Astrin_Nuf2-GFP_GFP_timelapse_06_R3D_D3D
555,555,25_2,21,16352.285714285714,Expt2020_017_setIII_STLC_GM132_RO3306_mKate2-Astrin_Nuf2-GFP_GFP_timelapse_06_R3D_D3D_Z1_C0_T05.tif,7087.3434633901925,5427.545,5542.809523809524,Expt2020_017_setIII_STLC_GM132_RO3306_mKate2-Astrin_Nuf2-GFP_GFP_timelapse_06_R3D_D3D_Z1_C1_T05.tif,5486.96535721289,5329.61,1.0101776050988227,2.307251764889589,0.437827210914351,cdki,set3_timelapse_cdki_cell_4,Expt2020_017_setIII_STLC_GM132_RO3306_mKate2-Astrin_Nuf2-GFP_GFP_timelapse_06_R3D_D3D
556,556,25_3,20,18396.35,Expt2020_017_setIII_STLC_GM132_RO3306_mKate2-Astrin_Nuf2-GFP_GFP_timelapse_06_R3D_D3D_Z1_C0_T05.tif,7087.3434633901925,5427.545,5381.75,Expt2020_017_setIII_STLC_GM132_RO3306_mKate2-Astrin_Nuf2-GFP_GFP_timelapse_06_R3D_D3D_Z1_C1_T05.tif,5486.96535721289,5329.61,0.9808244903397141,2.595662266831951,0.37787061239551273,cdki,set3_timelapse_cdki_cell_4,Expt2020_017_setIII_STLC_GM132_RO3306_mKate2-Astrin_Nuf2-GFP_GFP_timelapse_06_R3D_D3D
557,557,25_4,18,17531.333333333332,Expt2020_017_setIII_STLC_GM132_RO3306_mKate2-Astrin_Nuf2-GFP_GFP_timelapse_06_R3D_D3D_Z1_C0_T05.tif,7087.3434633901925,5427.545,5118.0,Expt2020_017_setIII_STLC_GM132_RO3306_mKate2-Astrin_Nuf2-GFP_GFP_timelapse_06_R3D_D3D_Z1_C1_T05.tif,5486.96535721289,5329.61,0.9327560257460225,2.473611364242719,0.3770826893947344,cdki,set3_timelapse_cdki_cell_4,Expt2020_017_setIII_STLC_GM132_RO3306_mKate2-Astrin_Nuf2-GFP_GFP_timelapse_06_R3D_D3D
558,558,25_5,21,17283.04761904762,Expt2020_017_setIII_STLC_GM132_RO3306_mKate2-Astrin_Nuf2-GFP_GFP_timelapse_06_R3D_D3D_Z1_C0_T05.tif,7087.3434633901925,5427.545,5084.952380952381,Expt2020_017_setIII_STLC_GM132_RO3306_mKate2-Astrin_Nuf2-GFP_GFP_timelapse_06_R3D_D3D_Z1_C1_T05.tif,5486.96535721289,5329.61,0.9267330937797806,2.4385790964306344,0.3800299506939293,cdki,set3_timelapse_cdki_cell_4,Expt2020_017_setIII_STLC_GM132_RO3306_mKate2-Astrin_Nuf2-GFP_GFP_timelapse_06_R3D_D3D
559,559,25_6,48,20666.70833333333,Expt2020_017_setIII_STLC_GM132_RO3306_mKate2-Astrin_Nuf2-GFP_GFP_timelapse_06_R3D_D3D_Z1_C0_T05.tif,7087.3434633901925,5427.545,5691.208333333332,Expt2020_017_setIII_STLC_GM132_RO3306_mKate2-Astrin_Nuf2-GFP_GFP_timelapse_06_R3D_D3D_Z1_C1_T05.tif,5486.96535721289,5329.61,1.0372233033787892,2.916002087395313,0.35570046669797745,cdki,set3_timelapse_cdki_cell_4,Expt2020_017_setIII_STLC_GM132_RO3306_mKate2-Astrin_Nuf2-GFP_GFP_timelapse_06_R3D_D3D
560,560,25_7,16,18764.1875,Expt2020_017_setIII_STLC_GM132_RO3306_mKate2-Astrin_Nuf2-GFP_GFP_timelapse_06_R3D_D3D_Z1_C0_T05.tif,7087.3434633901925,5427.545,8410.875,Expt2020_017_setIII_STLC_GM132_RO3306_mKate2-Astrin_Nuf2-GFP_GFP_timelapse_06_R3D_D3D_Z1_C1_T05.tif,5486.96535721289,5329.61,1.5328828327562676,2.64756288402372,0.5789788193535251,cdki,set3_timelapse_cdki_cell_4,Expt2020_017_setIII_STLC_GM132_RO3306_mKate2-Astrin_Nuf2-GFP_GFP_timelapse_06_R3D_D3D
561,561,25_8,69,21670.536231884056,Expt2020_017_setIII_STLC_GM132_RO3306_mKate2-Astrin_Nuf2-GFP_GFP_timelapse_06_R3D_D3D_Z1_C0_T05.tif,7087.3434633901925,5427.545,6892.318840579711,Expt2020_017_setIII_STLC_GM132_RO3306_mKate2-Astrin_Nuf2-GFP_GFP_timelapse_06_R3D_D3D_Z1_C1_T05.tif,5486.96535721289,5329.61,1.2561258167083948,3.0576387815580865,0.41081563469322185,cdki,set3_timelapse_cdki_cell_4,Expt2020_017_setIII_STLC_GM132_RO3306_mKate2-Astrin_Nuf2-GFP_GFP_timelapse_06_R3D_D3D
562,562,25_9,26,18154.115384615383,Expt2020_017_setIII_STLC_GM132_RO3306_mKate2-Astrin_Nuf2-GFP_GFP_timelapse_06_R3D_D3D_Z1_C0_T05.tif,7087.3434633901925,5427.545,8464.461538461539,Expt2020_017_setIII_STLC_GM132_RO3306_mKate2-Astrin_Nuf2-GFP_GFP_timelapse_06_R3D_D3D_Z1_C1_T05.tif,5486.96535721289,5329.61,1.5426489848955547,2.561483788444967,0.6022481937440137,cdki,set3_timelapse_cdki_cell_4,Expt2020_017_setIII_STLC_GM132_RO3306_mKate2-Astrin_Nuf2-GFP_GFP_timelapse_06_R3D_D3D
563,563,25_10,12,18268.75,Expt2020_017_setIII_STLC_GM132_RO3306_mKate2-Astrin_Nuf2-GFP_GFP_timelapse_06_R3D_D3D_Z1_C0_T05.tif,7087.3434633901925,5427.545,5405.666666666667,Expt2020_017_setIII_STLC_GM132_RO3306_mKate2-Astrin_Nuf2-GFP_GFP_timelapse_06_R3D_D3D_Z1_C1_T05.tif,5486.96535721289,5329.61,0.9851833052965513,2.577658341855108,0.3822008872547195,cdki,set3_timelapse_cdki_cell_4,Expt2020_017_setIII_STLC_GM132_RO3306_mKate2-Astrin_Nuf2-GFP_GFP_timelapse_06_R3D_D3D
565,565,25_12,32,17717.375,Expt2020_017_setIII_STLC_GM132_RO3306_mKate2-Astrin_Nuf2-GFP_GFP_timelapse_06_R3D_D3D_Z1_C0_T05.tif,7087.3434633901925,5427.545,8192.59375,Expt2020_017_setIII_STLC_GM132_RO3306_mKate2-Astrin_Nuf2-GFP_GFP_timelapse_06_R3D_D3D_Z1_C1_T05.tif,5486.96535721289,5329.61,1.4931010525208486,2.499861209142669,0.5972735794532008,cdki,set3_timelapse_cdki_cell_4,Expt2020_017_setIII_STLC_GM132_RO3306_mKate2-Astrin_Nuf2-GFP_GFP_timelapse_06_R3D_D3D
566,566,25_13,26,18550.03846153846,Expt2020_017_setIII_STLC_GM132_RO3306_mKate2-Astrin_Nuf2-GFP_GFP_timelapse_06_R3D_D3D_Z1_C0_T05.tif,7087.3434633901925,5427.545,6658.3076923076915,Expt2020_017_setIII_STLC_GM132_RO3306_mKate2-Astrin_Nuf2-GFP_GFP_timelapse_06_R3D_D3D_Z1_C1_T05.tif,5486.96535721289,5329.61,1.213477260897048,2.6173471847892005,0.4636286954780823,cdki,set3_timelapse_cdki_cell_4,Expt2020_017_setIII_STLC_GM132_RO3306_mKate2-Astrin_Nuf2-GFP_GFP_timelapse_06_R3D_D3D
567,567,25_14,36,19003.777777777777,Expt2020_017_setIII_STLC_GM132_RO3306_mKate2-Astrin_Nuf2-GFP_GFP_timelapse_06_R3D_D3D_Z1_C0_T05.tif,7087.3434633901925,5427.545,6924.38888888889,Expt2020_017_setIII_STLC_GM132_RO3306_mKate2-Astrin_Nuf2-GFP_GFP_timelapse_06_R3D_D3D_Z1_C1_T05.tif,5486.96535721289,5329.61,1.261970586307135,2.6813682553896467,0.4706442629692989,cdki,set3_timelapse_cdki_cell_4,Expt2020_017_setIII_STLC_GM132_RO3306_mKate2-Astrin_Nuf2-GFP_GFP_timelapse_06_R3D_D3D
568,568,25_15,12,17595.583333333332,Expt2020_017_setIII_STLC_GM132_RO3306_mKate2-Astrin_Nuf2-GFP_GFP_timelapse_06_R3D_D3D_Z1_C0_T05.tif,7087.3434633901925,5427.545,5707.416666666668,Expt2020_017_setIII_STLC_GM132_RO3306_mKate2-Astrin_Nuf2-GFP_GFP_timelapse_06_R3D_D3D_Z1_C1_T05.tif,5486.96535721289,5329.61,1.040177273793789,2.4826768201969682,0.4189740949493638,cdki,set3_timelapse_cdki_cell_4,Expt2020_017_setIII_STLC_GM132_RO3306_mKate2-Astrin_Nuf2-GFP_GFP_timelapse_06_R3D_D3D
569,569,26_1,36,15452.388888888889,Expt2020_017_setIII_STLC_GM132_RO3306_mKate2-Astrin_Nuf2-GFP_GFP_timelapse_06_R3D_D3D_Z1_C0_T06.tif,6844.159848974316,5333.73,4807.805555555556,Expt2020_017_setIII_STLC_GM132_RO3306_mKate2-Astrin_Nuf2-GFP_GFP_timelapse_06_R3D_D3D_Z1_C1_T06.tif,5321.518946519753,5139.9025,0.9034648948680032,2.2577480990898575,0.4001619557257993,cdki,set3_timelapse_cdki_cell_4,Expt2020_017_setIII_STLC_GM132_RO3306_mKate2-Astrin_Nuf2-GFP_GFP_timelapse_06_R3D_D3D
570,570,26_2,21,15558.809523809525,Expt2020_017_setIII_STLC_GM132_RO3306_mKate2-Astrin_Nuf2-GFP_GFP_timelapse_06_R3D_D3D_Z1_C0_T06.tif,6844.159848974316,5333.73,5343.285714285715,Expt2020_017_setIII_STLC_GM132_RO3306_mKate2-Astrin_Nuf2-GFP_GFP_timelapse_06_R3D_D3D_Z1_C1_T06.tif,5321.518946519753,5139.9025,1.0040903298446766,2.2732972150177364,0.4416889807507386,cdki,set3_timelapse_cdki_cell_4,Expt2020_017_setIII_STLC_GM132_RO3306_mKate2-Astrin_Nuf2-GFP_GFP_timelapse_06_R3D_D3D
571,571,26_3,26,14260.346153846154,Expt2020_017_setIII_STLC_GM132_RO3306_mKate2-Astrin_Nuf2-GFP_GFP_timelapse_06_R3D_D3D_Z1_C0_T06.tif,6844.159848974316,5333.73,4558.538461538462,Expt2020_017_setIII_STLC_GM132_RO3306_mKate2-Astrin_Nuf2-GFP_GFP_timelapse_06_R3D_D3D_Z1_C1_T06.tif,5321.518946519753,5139.9025,0.8566235519126966,2.083578769128726,0.4111308699267003,cdki,set3_timelapse_cdki_cell_4,Expt2020_017_setIII_STLC_GM132_RO3306_mKate2-Astrin_Nuf2-GFP_GFP_timelapse_06_R3D_D3D
572,572,26_4,30,14065.266666666665,Expt2020_017_setIII_STLC_GM132_RO3306_mKate2-Astrin_Nuf2-GFP_GFP_timelapse_06_R3D_D3D_Z1_C0_T06.tif,6844.159848974316,5333.73,4884.2,Expt2020_017_setIII_STLC_GM132_RO3306_mKate2-Astrin_Nuf2-GFP_GFP_timelapse_06_R3D_D3D_Z1_C1_T06.tif,5321.518946519753,5139.9025,0.9178206540435683,2.0550757108302373,0.4466116013179751,cdki,set3_timelapse_cdki_cell_4,Expt2020_017_setIII_STLC_GM132_RO3306_mKate2-Astrin_Nuf2-GFP_GFP_timelapse_06_R3D_D3D
573,573,26_5,36,14995.722222222224,Expt2020_017_setIII_STLC_GM132_RO3306_mKate2-Astrin_Nuf2-GFP_GFP_timelapse_06_R3D_D3D_Z1_C0_T06.tif,6844.159848974316,5333.73,5672.944444444444,Expt2020_017_setIII_STLC_GM132_RO3306_mKate2-Astrin_Nuf2-GFP_GFP_timelapse_06_R3D_D3D_Z1_C1_T06.tif,5321.518946519753,5139.9025,1.0660385693363963,2.1910245454698902,0.48654798119012954,cdki,set3_timelapse_cdki_cell_4,Expt2020_017_setIII_STLC_GM132_RO3306_mKate2-Astrin_Nuf2-GFP_GFP_timelapse_06_R3D_D3D
574,574,26_6,21,14056.857142857143,Expt2020_017_setIII_STLC_GM132_RO3306_mKate2-Astrin_Nuf2-GFP_GFP_timelapse_06_R3D_D3D_Z1_C0_T06.tif,6844.159848974316,5333.73,4357.666666666667,Expt2020_017_setIII_STLC_GM132_RO3306_mKate2-Astrin_Nuf2-GFP_GFP_timelapse_06_R3D_D3D_Z1_C1_T06.tif,5321.518946519753,5139.9025,0.8188764731386627,2.0538469955466834,0.3987037373836594,cdki,set3_timelapse_cdki_cell_4,Expt2020_017_setIII_STLC_GM132_RO3306_mKate2-Astrin_Nuf2-GFP_GFP_timelapse_06_R3D_D3D
575,575,26_7,33,14575.060606060606,Expt2020_017_setIII_STLC_GM132_RO3306_mKate2-Astrin_Nuf2-GFP_GFP_timelapse_06_R3D_D3D_Z1_C0_T06.tif,6844.159848974316,5333.73,5193.30303030303,Expt2020_017_setIII_STLC_GM132_RO3306_mKate2-Astrin_Nuf2-GFP_GFP_timelapse_06_R3D_D3D_Z1_C1_T06.tif,5321.518946519753,5139.9025,0.9759061430570354,2.129561688750572,0.4582662001351114,cdki,set3_timelapse_cdki_cell_4,Expt2020_017_setIII_STLC_GM132_RO3306_mKate2-Astrin_Nuf2-GFP_GFP_timelapse_06_R3D_D3D
576,576,26_8,34,14915.911764705883,Expt2020_017_setIII_STLC_GM132_RO3306_mKate2-Astrin_Nuf2-GFP_GFP_timelapse_06_R3D_D3D_Z1_C0_T06.tif,6844.159848974316,5333.73,5081.823529411765,Expt2020_017_setIII_STLC_GM132_RO3306_mKate2-Astrin_Nuf2-GFP_GFP_timelapse_06_R3D_D3D_Z1_C1_T06.tif,5321.518946519753,5139.9025,0.9549573308829902,2.1793634418023156,0.43818177022059634,cdki,set3_timelapse_cdki_cell_4,Expt2020_017_setIII_STLC_GM132_RO3306_mKate2-Astrin_Nuf2-GFP_GFP_timelapse_06_R3D_D3D
577,577,26_9,8,14557.0,Expt2020_017_setIII_STLC_GM132_RO3306_mKate2-Astrin_Nuf2-GFP_GFP_timelapse_06_R3D_D3D_Z1_C0_T06.tif,6844.159848974316,5333.73,4610.0,Expt2020_017_setIII_STLC_GM132_RO3306_mKate2-Astrin_Nuf2-GFP_GFP_timelapse_06_R3D_D3D_Z1_C1_T06.tif,5321.518946519753,5139.9025,0.8662940123542955,2.126922854115038,0.4072992166491812,cdki,set3_timelapse_cdki_cell_4,Expt2020_017_setIII_STLC_GM132_RO3306_mKate2-Astrin_Nuf2-GFP_GFP_timelapse_06_R3D_D3D
578,578,26_10,26,15994.923076923076,Expt2020_017_setIII_STLC_GM132_RO3306_mKate2-Astrin_Nuf2-GFP_GFP_timelapse_06_R3D_D3D_Z1_C0_T06.tif,6844.159848974316,5333.73,4778.576923076923,Expt2020_017_setIII_STLC_GM132_RO3306_mKate2-Astrin_Nuf2-GFP_GFP_timelapse_06_R3D_D3D_Z1_C1_T06.tif,5321.518946519753,5139.9025,0.8979723592268875,2.3370177538036487,0.3842385697607042,cdki,set3_timelapse_cdki_cell_4,Expt2020_017_setIII_STLC_GM132_RO3306_mKate2-Astrin_Nuf2-GFP_GFP_timelapse_06_R3D_D3D
579,579,26_11,63,17965.25396825397,Expt2020_017_setIII_STLC_GM132_RO3306_mKate2-Astrin_Nuf2-GFP_GFP_timelapse_06_R3D_D3D_Z1_C0_T06.tif,6844.159848974316,5333.73,5212.238095238095,Expt2020_017_setIII_STLC_GM132_RO3306_mKate2-Astrin_Nuf2-GFP_GFP_timelapse_06_R3D_D3D_Z1_C1_T06.tif,5321.518946519753,5139.9025,0.9794643498632798,2.624902744044806,0.37314310104837956,cdki,set3_timelapse_cdki_cell_4,Expt2020_017_setIII_STLC_GM132_RO3306_mKate2-Astrin_Nuf2-GFP_GFP_timelapse_06_R3D_D3D
580,580,26_12,24,14317.083333333336,Expt2020_017_setIII_STLC_GM132_RO3306_mKate2-Astrin_Nuf2-GFP_GFP_timelapse_06_R3D_D3D_Z1_C0_T06.tif,6844.159848974316,5333.73,4744.916666666667,Expt2020_017_setIII_STLC_GM132_RO3306_mKate2-Astrin_Nuf2-GFP_GFP_timelapse_06_R3D_D3D_Z1_C1_T06.tif,5321.518946519753,5139.9025,0.8916470493391402,2.09186863680265,0.4262442840110612,cdki,set3_timelapse_cdki_cell_4,Expt2020_017_setIII_STLC_GM132_RO3306_mKate2-Astrin_Nuf2-GFP_GFP_timelapse_06_R3D_D3D
581,581,26_13,22,14204.272727272728,Expt2020_017_setIII_STLC_GM132_RO3306_mKate2-Astrin_Nuf2-GFP_GFP_timelapse_06_R3D_D3D_Z1_C0_T06.tif,6844.159848974316,5333.73,6302.363636363636,Expt2020_017_setIII_STLC_GM132_RO3306_mKate2-Astrin_Nuf2-GFP_GFP_timelapse_06_R3D_D3D_Z1_C1_T06.tif,5321.518946519753,5139.9025,1.1843166771933324,2.075385882374068,0.5706489030553553,cdki,set3_timelapse_cdki_cell_4,Expt2020_017_setIII_STLC_GM132_RO3306_mKate2-Astrin_Nuf2-GFP_GFP_timelapse_06_R3D_D3D
582,582,26_14,46,15835.934782608696,Expt2020_017_setIII_STLC_GM132_RO3306_mKate2-Astrin_Nuf2-GFP_GFP_timelapse_06_R3D_D3D_Z1_C0_T06.tif,6844.159848974316,5333.73,7884.673913043478,Expt2020_017_setIII_STLC_GM132_RO3306_mKate2-Astrin_Nuf2-GFP_GFP_timelapse_06_R3D_D3D_Z1_C1_T06.tif,5321.518946519753,5139.9025,1.4816585249968932,2.313787978663577,0.6403605423919118,cdki,set3_timelapse_cdki_cell_4,Expt2020_017_setIII_STLC_GM132_RO3306_mKate2-Astrin_Nuf2-GFP_GFP_timelapse_06_R3D_D3D
585,585,26_17,94,17947.574468085106,Expt2020_017_setIII_STLC_GM132_RO3306_mKate2-Astrin_Nuf2-GFP_GFP_timelapse_06_R3D_D3D_Z1_C0_T06.tif,6844.159848974316,5333.73,6675.031914893617,Expt2020_017_setIII_STLC_GM132_RO3306_mKate2-Astrin_Nuf2-GFP_GFP_timelapse_06_R3D_D3D_Z1_C1_T06.tif,5321.518946519753,5139.9025,1.2543471106607738,2.6223195927802263,0.478334949757552,cdki,set3_timelapse_cdki_cell_4,Expt2020_017_setIII_STLC_GM132_RO3306_mKate2-Astrin_Nuf2-GFP_GFP_timelapse_06_R3D_D3D
586,586,26_18,21,14857.904761904761,Expt2020_017_setIII_STLC_GM132_RO3306_mKate2-Astrin_Nuf2-GFP_GFP_timelapse_06_R3D_D3D_Z1_C0_T06.tif,6844.159848974316,5333.73,7584.095238095238,Expt2020_017_setIII_STLC_GM132_RO3306_mKate2-Astrin_Nuf2-GFP_GFP_timelapse_06_R3D_D3D_Z1_C1_T06.tif,5321.518946519753,5139.9025,1.4251749010600063,2.17088804028027,0.6564939668081688,cdki,set3_timelapse_cdki_cell_4,Expt2020_017_setIII_STLC_GM132_RO3306_mKate2-Astrin_Nuf2-GFP_GFP_timelapse_06_R3D_D3D
587,587,26_19,12,14371.333333333336,Expt2020_017_setIII_STLC_GM132_RO3306_mKate2-Astrin_Nuf2-GFP_GFP_timelapse_06_R3D_D3D_Z1_C0_T06.tif,6844.159848974316,5333.73,7807.333333333332,Expt2020_017_setIII_STLC_GM132_RO3306_mKate2-Astrin_Nuf2-GFP_GFP_timelapse_06_R3D_D3D_Z1_C1_T06.tif,5321.518946519753,5139.9025,1.4671249716097112,2.0997951027527595,0.6986991110162895,cdki,set3_timelapse_cdki_cell_4,Expt2020_017_setIII_STLC_GM132_RO3306_mKate2-Astrin_Nuf2-GFP_GFP_timelapse_06_R3D_D3D
588,588,26_20,12,15424.666666666664,Expt2020_017_setIII_STLC_GM132_RO3306_mKate2-Astrin_Nuf2-GFP_GFP_timelapse_06_R3D_D3D_Z1_C0_T06.tif,6844.159848974316,5333.73,8193.416666666666,Expt2020_017_setIII_STLC_GM132_RO3306_mKate2-Astrin_Nuf2-GFP_GFP_timelapse_06_R3D_D3D_Z1_C1_T06.tif,5321.518946519753,5139.9025,1.5396763121599182,2.253697605992976,0.6831778620457553,cdki,set3_timelapse_cdki_cell_4,Expt2020_017_setIII_STLC_GM132_RO3306_mKate2-Astrin_Nuf2-GFP_GFP_timelapse_06_R3D_D3D
589,589,26_21,8,15232.375,Expt2020_017_setIII_STLC_GM132_RO3306_mKate2-Astrin_Nuf2-GFP_GFP_timelapse_06_R3D_D3D_Z1_C0_T06.tif,6844.159848974316,5333.73,8263.375,Expt2020_017_setIII_STLC_GM132_RO3306_mKate2-Astrin_Nuf2-GFP_GFP_timelapse_06_R3D_D3D_Z1_C1_T06.tif,5321.518946519753,5139.9025,1.5528226213314915,2.2256018760699696,0.6977090727805771,cdki,set3_timelapse_cdki_cell_4,Expt2020_017_setIII_STLC_GM132_RO3306_mKate2-Astrin_Nuf2-GFP_GFP_timelapse_06_R3D_D3D
590,590,26_22,21,14756.047619047617,Expt2020_017_setIII_STLC_GM132_RO3306_mKate2-Astrin_Nuf2-GFP_GFP_timelapse_06_R3D_D3D_Z1_C0_T06.tif,6844.159848974316,5333.73,6629.476190476192,Expt2020_017_setIII_STLC_GM132_RO3306_mKate2-Astrin_Nuf2-GFP_GFP_timelapse_06_R3D_D3D_Z1_C1_T06.tif,5321.518946519753,5139.9025,1.2457864487754642,2.156005696047411,0.577821501612614,cdki,set3_timelapse_cdki_cell_4,Expt2020_017_setIII_STLC_GM132_RO3306_mKate2-Astrin_Nuf2-GFP_GFP_timelapse_06_R3D_D3D
591,591,26_23,30,16556.0,Expt2020_017_setIII_STLC_GM132_RO3306_mKate2-Astrin_Nuf2-GFP_GFP_timelapse_06_R3D_D3D_Z1_C0_T06.tif,6844.159848974316,5333.73,7984.7,Expt2020_017_setIII_STLC_GM132_RO3306_mKate2-Astrin_Nuf2-GFP_GFP_timelapse_06_R3D_D3D_Z1_C1_T06.tif,5321.518946519753,5139.9025,1.5004550543265385,2.418996687004779,0.6202799129024082,cdki,set3_timelapse_cdki_cell_4,Expt2020_017_setIII_STLC_GM132_RO3306_mKate2-Astrin_Nuf2-GFP_GFP_timelapse_06_R3D_D3D
592,592,26_24,21,14171.571428571431,Expt2020_017_setIII_STLC_GM132_RO3306_mKate2-Astrin_Nuf2-GFP_GFP_timelapse_06_R3D_D3D_Z1_C0_T06.tif,6844.159848974316,5333.73,5182.571428571428,Expt2020_017_setIII_STLC_GM132_RO3306_mKate2-Astrin_Nuf2-GFP_GFP_timelapse_06_R3D_D3D_Z1_C1_T06.tif,5321.518946519753,5139.9025,0.9738895004706889,2.070607896555078,0.47033989491249073,cdki,set3_timelapse_cdki_cell_4,Expt2020_017_setIII_STLC_GM132_RO3306_mKate2-Astrin_Nuf2-GFP_GFP_timelapse_06_R3D_D3D
594,594,26_26,32,16994.65625,Expt2020_017_setIII_STLC_GM132_RO3306_mKate2-Astrin_Nuf2-GFP_GFP_timelapse_06_R3D_D3D_Z1_C0_T06.tif,6844.159848974316,5333.73,7279.4375,Expt2020_017_setIII_STLC_GM132_RO3306_mKate2-Astrin_Nuf2-GFP_GFP_timelapse_06_R3D_D3D_Z1_C1_T06.tif,5321.518946519753,5139.9025,1.3679247547846685,2.483088739160127,0.5508964432931831,cdki,set3_timelapse_cdki_cell_4,Expt2020_017_setIII_STLC_GM132_RO3306_mKate2-Astrin_Nuf2-GFP_GFP_timelapse_06_R3D_D3D
596,596,26_28,52,17489.73076923077,Expt2020_017_setIII_STLC_GM132_RO3306_mKate2-Astrin_Nuf2-GFP_GFP_timelapse_06_R3D_D3D_Z1_C0_T06.tif,6844.159848974316,5333.73,6514.673076923077,Expt2020_017_setIII_STLC_GM132_RO3306_mKate2-Astrin_Nuf2-GFP_GFP_timelapse_06_R3D_D3D_Z1_C1_T06.tif,5321.518946519753,5139.9025,1.224213075701561,2.5554240630209457,0.47906454878347393,cdki,set3_timelapse_cdki_cell_4,Expt2020_017_setIII_STLC_GM132_RO3306_mKate2-Astrin_Nuf2-GFP_GFP_timelapse_06_R3D_D3D
597,597,26_29,48,16720.6875,Expt2020_017_setIII_STLC_GM132_RO3306_mKate2-Astrin_Nuf2-GFP_GFP_timelapse_06_R3D_D3D_Z1_C0_T06.tif,6844.159848974316,5333.73,6607.416666666668,Expt2020_017_setIII_STLC_GM132_RO3306_mKate2-Astrin_Nuf2-GFP_GFP_timelapse_06_R3D_D3D_Z1_C1_T06.tif,5321.518946519753,5139.9025,1.2416411053065752,2.4430591729247535,0.5082321046772361,cdki,set3_timelapse_cdki_cell_4,Expt2020_017_setIII_STLC_GM132_RO3306_mKate2-Astrin_Nuf2-GFP_GFP_timelapse_06_R3D_D3D
598,598,26_30,30,15227.833333333336,Expt2020_017_setIII_STLC_GM132_RO3306_mKate2-Astrin_Nuf2-GFP_GFP_timelapse_06_R3D_D3D_Z1_C0_T06.tif,6844.159848974316,5333.73,5731.233333333334,Expt2020_017_setIII_STLC_GM132_RO3306_mKate2-Astrin_Nuf2-GFP_GFP_timelapse_06_R3D_D3D_Z1_C1_T06.tif,5321.518946519753,5139.9025,1.076992000015622,2.2249382932830564,0.4840547727849309,cdki,set3_timelapse_cdki_cell_4,Expt2020_017_setIII_STLC_GM132_RO3306_mKate2-Astrin_Nuf2-GFP_GFP_timelapse_06_R3D_D3D
600,600,27_1,21,17280.47619047619,Expt2020_017_setIII_STLC_GM132_RO3306_mKate2-Astrin_Nuf2-GFP_GFP_timelapse_06_R3D_D3D_Z1_C0_T07.tif,6817.0159892082775,5179.7,5094.095238095239,Expt2020_017_setIII_STLC_GM132_RO3306_mKate2-Astrin_Nuf2-GFP_GFP_timelapse_06_R3D_D3D_Z1_C1_T07.tif,5374.7041661711655,4917.72,0.9477908142661875,2.534903279944211,0.3738962436022596,cdki,set3_timelapse_cdki_cell_4,Expt2020_017_setIII_STLC_GM132_RO3306_mKate2-Astrin_Nuf2-GFP_GFP_timelapse_06_R3D_D3D
601,601,27_2,16,16914.75,Expt2020_017_setIII_STLC_GM132_RO3306_mKate2-Astrin_Nuf2-GFP_GFP_timelapse_06_R3D_D3D_Z1_C0_T07.tif,6817.0159892082775,5179.7,4909.5625,Expt2020_017_setIII_STLC_GM132_RO3306_mKate2-Astrin_Nuf2-GFP_GFP_timelapse_06_R3D_D3D_Z1_C1_T07.tif,5374.7041661711655,4917.72,0.9134572523825951,2.4812542653232743,0.3681433479626014,cdki,set3_timelapse_cdki_cell_4,Expt2020_017_setIII_STLC_GM132_RO3306_mKate2-Astrin_Nuf2-GFP_GFP_timelapse_06_R3D_D3D
602,602,27_3,16,15040.0625,Expt2020_017_setIII_STLC_GM132_RO3306_mKate2-Astrin_Nuf2-GFP_GFP_timelapse_06_R3D_D3D_Z1_C0_T07.tif,6817.0159892082775,5179.7,4722.0,Expt2020_017_setIII_STLC_GM132_RO3306_mKate2-Astrin_Nuf2-GFP_GFP_timelapse_06_R3D_D3D_Z1_C1_T07.tif,5374.7041661711655,4917.72,0.8785599828397366,2.206253076684765,0.3982136012065797,cdki,set3_timelapse_cdki_cell_4,Expt2020_017_setIII_STLC_GM132_RO3306_mKate2-Astrin_Nuf2-GFP_GFP_timelapse_06_R3D_D3D
603,603,27_4,21,16203.47619047619,Expt2020_017_setIII_STLC_GM132_RO3306_mKate2-Astrin_Nuf2-GFP_GFP_timelapse_06_R3D_D3D_Z1_C0_T07.tif,6817.0159892082775,5179.7,5270.333333333333,Expt2020_017_setIII_STLC_GM132_RO3306_mKate2-Astrin_Nuf2-GFP_GFP_timelapse_06_R3D_D3D_Z1_C1_T07.tif,5374.7041661711655,4917.72,0.9805811018409625,2.3769162660212637,0.4125433932438705,cdki,set3_timelapse_cdki_cell_4,Expt2020_017_setIII_STLC_GM132_RO3306_mKate2-Astrin_Nuf2-GFP_GFP_timelapse_06_R3D_D3D
604,604,27_5,33,16426.0,Expt2020_017_setIII_STLC_GM132_RO3306_mKate2-Astrin_Nuf2-GFP_GFP_timelapse_06_R3D_D3D_Z1_C0_T07.tif,6817.0159892082775,5179.7,5715.909090909091,Expt2020_017_setIII_STLC_GM132_RO3306_mKate2-Astrin_Nuf2-GFP_GFP_timelapse_06_R3D_D3D_Z1_C1_T07.tif,5374.7041661711655,4917.72,1.063483480055609,2.4095586728860967,0.4413602756482375,cdki,set3_timelapse_cdki_cell_4,Expt2020_017_setIII_STLC_GM132_RO3306_mKate2-Astrin_Nuf2-GFP_GFP_timelapse_06_R3D_D3D
605,605,27_6,16,16017.8125,Expt2020_017_setIII_STLC_GM132_RO3306_mKate2-Astrin_Nuf2-GFP_GFP_timelapse_06_R3D_D3D_Z1_C0_T07.tif,6817.0159892082775,5179.7,4868.5625,Expt2020_017_setIII_STLC_GM132_RO3306_mKate2-Astrin_Nuf2-GFP_GFP_timelapse_06_R3D_D3D_Z1_C1_T07.tif,5374.7041661711655,4917.72,0.9058289255515004,2.3496809344964285,0.3855114591316344,cdki,set3_timelapse_cdki_cell_4,Expt2020_017_setIII_STLC_GM132_RO3306_mKate2-Astrin_Nuf2-GFP_GFP_timelapse_06_R3D_D3D
606,606,27_7,23,16469.565217391304,Expt2020_017_setIII_STLC_GM132_RO3306_mKate2-Astrin_Nuf2-GFP_GFP_timelapse_06_R3D_D3D_Z1_C0_T07.tif,6817.0159892082775,5179.7,4918.391304347826,Expt2020_017_setIII_STLC_GM132_RO3306_mKate2-Astrin_Nuf2-GFP_GFP_timelapse_06_R3D_D3D_Z1_C1_T07.tif,5374.7041661711655,4917.72,0.9150999110434002,2.415949330830903,0.3787744632577519,cdki,set3_timelapse_cdki_cell_4,Expt2020_017_setIII_STLC_GM132_RO3306_mKate2-Astrin_Nuf2-GFP_GFP_timelapse_06_R3D_D3D
607,607,27_8,29,14999.0,Expt2020_017_setIII_STLC_GM132_RO3306_mKate2-Astrin_Nuf2-GFP_GFP_timelapse_06_R3D_D3D_Z1_C0_T07.tif,6817.0159892082775,5179.7,4414.931034482759,Expt2020_017_setIII_STLC_GM132_RO3306_mKate2-Astrin_Nuf2-GFP_GFP_timelapse_06_R3D_D3D_Z1_C1_T07.tif,5374.7041661711655,4917.72,0.821427728482379,2.200229546731923,0.373337286421989,cdki,set3_timelapse_cdki_cell_4,Expt2020_017_setIII_STLC_GM132_RO3306_mKate2-Astrin_Nuf2-GFP_GFP_timelapse_06_R3D_D3D
608,608,27_9,12,16668.75,Expt2020_017_setIII_STLC_GM132_RO3306_mKate2-Astrin_Nuf2-GFP_GFP_timelapse_06_R3D_D3D_Z1_C0_T07.tif,6817.0159892082775,5179.7,6015.5,Expt2020_017_setIII_STLC_GM132_RO3306_mKate2-Astrin_Nuf2-GFP_GFP_timelapse_06_R3D_D3D_Z1_C1_T07.tif,5374.7041661711655,4917.72,1.1192243915231757,2.4451680950121837,0.45772901822424555,cdki,set3_timelapse_cdki_cell_4,Expt2020_017_setIII_STLC_GM132_RO3306_mKate2-Astrin_Nuf2-GFP_GFP_timelapse_06_R3D_D3D
609,609,27_10,49,19521.734693877548,Expt2020_017_setIII_STLC_GM132_RO3306_mKate2-Astrin_Nuf2-GFP_GFP_timelapse_06_R3D_D3D_Z1_C0_T07.tif,6817.0159892082775,5179.7,5113.510204081634,Expt2020_017_setIII_STLC_GM132_RO3306_mKate2-Astrin_Nuf2-GFP_GFP_timelapse_06_R3D_D3D_Z1_C1_T07.tif,5374.7041661711655,4917.72,0.9514030997773778,2.863677410289423,0.33223124097669315,cdki,set3_timelapse_cdki_cell_4,Expt2020_017_setIII_STLC_GM132_RO3306_mKate2-Astrin_Nuf2-GFP_GFP_timelapse_06_R3D_D3D
610,610,27_11,28,17135.964285714286,Expt2020_017_setIII_STLC_GM132_RO3306_mKate2-Astrin_Nuf2-GFP_GFP_timelapse_06_R3D_D3D_Z1_C0_T07.tif,6817.0159892082775,5179.7,7429.5,Expt2020_017_setIII_STLC_GM132_RO3306_mKate2-Astrin_Nuf2-GFP_GFP_timelapse_06_R3D_D3D_Z1_C1_T07.tif,5374.7041661711655,4917.72,1.3823086388199541,2.5137045758498275,0.5499089479727849,cdki,set3_timelapse_cdki_cell_4,Expt2020_017_setIII_STLC_GM132_RO3306_mKate2-Astrin_Nuf2-GFP_GFP_timelapse_06_R3D_D3D
612,612,27_13,73,19415.602739726022,Expt2020_017_setIII_STLC_GM132_RO3306_mKate2-Astrin_Nuf2-GFP_GFP_timelapse_06_R3D_D3D_Z1_C0_T07.tif,6817.0159892082775,5179.7,6028.876712328767,Expt2020_017_setIII_STLC_GM132_RO3306_mKate2-Astrin_Nuf2-GFP_GFP_timelapse_06_R3D_D3D_Z1_C1_T07.tif,5374.7041661711655,4917.72,1.1217132191712091,2.848108728285517,0.3938449427969871,cdki,set3_timelapse_cdki_cell_4,Expt2020_017_setIII_STLC_GM132_RO3306_mKate2-Astrin_Nuf2-GFP_GFP_timelapse_06_R3D_D3D
613,613,27_14,12,17110.083333333332,Expt2020_017_setIII_STLC_GM132_RO3306_mKate2-Astrin_Nuf2-GFP_GFP_timelapse_06_R3D_D3D_Z1_C0_T07.tif,6817.0159892082775,5179.7,7696.083333333332,Expt2020_017_setIII_STLC_GM132_RO3306_mKate2-Astrin_Nuf2-GFP_GFP_timelapse_06_R3D_D3D_Z1_C1_T07.tif,5374.7041661711655,4917.72,1.431908267951401,2.509908053673273,0.5705022802950054,cdki,set3_timelapse_cdki_cell_4,Expt2020_017_setIII_STLC_GM132_RO3306_mKate2-Astrin_Nuf2-GFP_GFP_timelapse_06_R3D_D3D
614,614,27_15,12,16324.416666666664,Expt2020_017_setIII_STLC_GM132_RO3306_mKate2-Astrin_Nuf2-GFP_GFP_timelapse_06_R3D_D3D_Z1_C0_T07.tif,6817.0159892082775,5179.7,7902.833333333332,Expt2020_017_setIII_STLC_GM132_RO3306_mKate2-Astrin_Nuf2-GFP_GFP_timelapse_06_R3D_D3D_Z1_C1_T07.tif,5374.7041661711655,4917.72,1.470375501422836,2.3946572360266045,0.6140233680635621,cdki,set3_timelapse_cdki_cell_4,Expt2020_017_setIII_STLC_GM132_RO3306_mKate2-Astrin_Nuf2-GFP_GFP_timelapse_06_R3D_D3D
615,615,27_16,12,17059.0,Expt2020_017_setIII_STLC_GM132_RO3306_mKate2-Astrin_Nuf2-GFP_GFP_timelapse_06_R3D_D3D_Z1_C0_T07.tif,6817.0159892082775,5179.7,8204.0,Expt2020_017_setIII_STLC_GM132_RO3306_mKate2-Astrin_Nuf2-GFP_GFP_timelapse_06_R3D_D3D_Z1_C1_T07.tif,5374.7041661711655,4917.72,1.5264095932268529,2.5024145501500015,0.6099747114783023,cdki,set3_timelapse_cdki_cell_4,Expt2020_017_setIII_STLC_GM132_RO3306_mKate2-Astrin_Nuf2-GFP_GFP_timelapse_06_R3D_D3D
616,616,27_17,21,19256.809523809523,Expt2020_017_setIII_STLC_GM132_RO3306_mKate2-Astrin_Nuf2-GFP_GFP_timelapse_06_R3D_D3D_Z1_C0_T07.tif,6817.0159892082775,5179.7,8769.714285714286,Expt2020_017_setIII_STLC_GM132_RO3306_mKate2-Astrin_Nuf2-GFP_GFP_timelapse_06_R3D_D3D_Z1_C1_T07.tif,5374.7041661711655,4917.72,1.6316645557743619,2.8248150736765387,0.5776181849846639,cdki,set3_timelapse_cdki_cell_4,Expt2020_017_setIII_STLC_GM132_RO3306_mKate2-Astrin_Nuf2-GFP_GFP_timelapse_06_R3D_D3D
617,617,27_18,30,18105.6,Expt2020_017_setIII_STLC_GM132_RO3306_mKate2-Astrin_Nuf2-GFP_GFP_timelapse_06_R3D_D3D_Z1_C0_T07.tif,6817.0159892082775,5179.7,7383.1,Expt2020_017_setIII_STLC_GM132_RO3306_mKate2-Astrin_Nuf2-GFP_GFP_timelapse_06_R3D_D3D_Z1_C1_T07.tif,5374.7041661711655,4917.72,1.3736756055281787,2.6559421348962933,0.5172084088277084,cdki,set3_timelapse_cdki_cell_4,Expt2020_017_setIII_STLC_GM132_RO3306_mKate2-Astrin_Nuf2-GFP_GFP_timelapse_06_R3D_D3D
620,620,27_21,26,16850.076923076922,Expt2020_017_setIII_STLC_GM132_RO3306_mKate2-Astrin_Nuf2-GFP_GFP_timelapse_06_R3D_D3D_Z1_C0_T07.tif,6817.0159892082775,5179.7,6378.23076923077,Expt2020_017_setIII_STLC_GM132_RO3306_mKate2-Astrin_Nuf2-GFP_GFP_timelapse_06_R3D_D3D_Z1_C1_T07.tif,5374.7041661711655,4917.72,1.1867129002887051,2.4717672585412074,0.4801070554632566,cdki,set3_timelapse_cdki_cell_4,Expt2020_017_setIII_STLC_GM132_RO3306_mKate2-Astrin_Nuf2-GFP_GFP_timelapse_06_R3D_D3D
621,621,27_22,34,19825.176470588234,Expt2020_017_setIII_STLC_GM132_RO3306_mKate2-Astrin_Nuf2-GFP_GFP_timelapse_06_R3D_D3D_Z1_C0_T07.tif,6817.0159892082775,5179.7,6876.058823529412,Expt2020_017_setIII_STLC_GM132_RO3306_mKate2-Astrin_Nuf2-GFP_GFP_timelapse_06_R3D_D3D_Z1_C1_T07.tif,5374.7041661711655,4917.72,1.2793371711149977,2.9081898153052026,0.43990841463721186,cdki,set3_timelapse_cdki_cell_4,Expt2020_017_setIII_STLC_GM132_RO3306_mKate2-Astrin_Nuf2-GFP_GFP_timelapse_06_R3D_D3D
622,622,27_23,21,17659.571428571428,Expt2020_017_setIII_STLC_GM132_RO3306_mKate2-Astrin_Nuf2-GFP_GFP_timelapse_06_R3D_D3D_Z1_C0_T07.tif,6817.0159892082775,5179.7,5191.095238095239,Expt2020_017_setIII_STLC_GM132_RO3306_mKate2-Astrin_Nuf2-GFP_GFP_timelapse_06_R3D_D3D_Z1_C1_T07.tif,5374.7041661711655,4917.72,0.9658383192080457,2.5905134235459517,0.37283663942029877,cdki,set3_timelapse_cdki_cell_4,Expt2020_017_setIII_STLC_GM132_RO3306_mKate2-Astrin_Nuf2-GFP_GFP_timelapse_06_R3D_D3D
623,623,28_1,30,12703.166666666664,Expt2020_017_setIII_STLC_GM132_RO3306_mKate2-Astrin_Nuf2-GFP_GFP_timelapse_06_R3D_D3D_Z1_C0_T08.tif,6694.195357250527,5247.33,4868.433333333333,Expt2020_017_setIII_STLC_GM132_RO3306_mKate2-Astrin_Nuf2-GFP_GFP_timelapse_06_R3D_D3D_Z1_C1_T08.tif,5134.874093884157,4950.8175,0.9481115299656196,1.8976390721713523,0.4996269015902764,cdki,set3_timelapse_cdki_cell_4,Expt2020_017_setIII_STLC_GM132_RO3306_mKate2-Astrin_Nuf2-GFP_GFP_timelapse_06_R3D_D3D
624,624,28_2,21,11831.0,Expt2020_017_setIII_STLC_GM132_RO3306_mKate2-Astrin_Nuf2-GFP_GFP_timelapse_06_R3D_D3D_Z1_C0_T08.tif,6694.195357250527,5247.33,4447.333333333333,Expt2020_017_setIII_STLC_GM132_RO3306_mKate2-Astrin_Nuf2-GFP_GFP_timelapse_06_R3D_D3D_Z1_C1_T08.tif,5134.874093884157,4950.8175,0.866103676939282,1.7673520667701705,0.4900572405599318,cdki,set3_timelapse_cdki_cell_4,Expt2020_017_setIII_STLC_GM132_RO3306_mKate2-Astrin_Nuf2-GFP_GFP_timelapse_06_R3D_D3D
625,625,28_3,26,11656.153846153846,Expt2020_017_setIII_STLC_GM132_RO3306_mKate2-Astrin_Nuf2-GFP_GFP_timelapse_06_R3D_D3D_Z1_C0_T08.tif,6694.195357250527,5247.33,4358.576923076923,Expt2020_017_setIII_STLC_GM132_RO3306_mKate2-Astrin_Nuf2-GFP_GFP_timelapse_06_R3D_D3D_Z1_C1_T08.tif,5134.874093884157,4950.8175,0.848818655216525,1.7412329972606773,0.487481374722334,cdki,set3_timelapse_cdki_cell_4,Expt2020_017_setIII_STLC_GM132_RO3306_mKate2-Astrin_Nuf2-GFP_GFP_timelapse_06_R3D_D3D
626,626,28_4,16,12875.625,Expt2020_017_setIII_STLC_GM132_RO3306_mKate2-Astrin_Nuf2-GFP_GFP_timelapse_06_R3D_D3D_Z1_C0_T08.tif,6694.195357250527,5247.33,4660.4375,Expt2020_017_setIII_STLC_GM132_RO3306_mKate2-Astrin_Nuf2-GFP_GFP_timelapse_06_R3D_D3D_Z1_C1_T08.tif,5134.874093884157,4950.8175,0.907605019089128,1.9234014415271472,0.4718749812147928,cdki,set3_timelapse_cdki_cell_4,Expt2020_017_setIII_STLC_GM132_RO3306_mKate2-Astrin_Nuf2-GFP_GFP_timelapse_06_R3D_D3D
627,627,28_5,34,13284.323529411766,Expt2020_017_setIII_STLC_GM132_RO3306_mKate2-Astrin_Nuf2-GFP_GFP_timelapse_06_R3D_D3D_Z1_C0_T08.tif,6694.195357250527,5247.33,5504.617647058823,Expt2020_017_setIII_STLC_GM132_RO3306_mKate2-Astrin_Nuf2-GFP_GFP_timelapse_06_R3D_D3D_Z1_C1_T08.tif,5134.874093884157,4950.8175,1.0720063523300494,1.9844541159115452,0.540202136060793,cdki,set3_timelapse_cdki_cell_4,Expt2020_017_setIII_STLC_GM132_RO3306_mKate2-Astrin_Nuf2-GFP_GFP_timelapse_06_R3D_D3D
628,628,28_6,34,13056.44117647059,Expt2020_017_setIII_STLC_GM132_RO3306_mKate2-Astrin_Nuf2-GFP_GFP_timelapse_06_R3D_D3D_Z1_C0_T08.tif,6694.195357250527,5247.33,4739.0,Expt2020_017_setIII_STLC_GM132_RO3306_mKate2-Astrin_Nuf2-GFP_GFP_timelapse_06_R3D_D3D_Z1_C1_T08.tif,5134.874093884157,4950.8175,0.9229048100019318,1.950412331831498,0.4731844620441337,cdki,set3_timelapse_cdki_cell_4,Expt2020_017_setIII_STLC_GM132_RO3306_mKate2-Astrin_Nuf2-GFP_GFP_timelapse_06_R3D_D3D
629,629,28_7,22,13198.772727272728,Expt2020_017_setIII_STLC_GM132_RO3306_mKate2-Astrin_Nuf2-GFP_GFP_timelapse_06_R3D_D3D_Z1_C0_T08.tif,6694.195357250527,5247.33,4912.0,Expt2020_017_setIII_STLC_GM132_RO3306_mKate2-Astrin_Nuf2-GFP_GFP_timelapse_06_R3D_D3D_Z1_C1_T08.tif,5134.874093884157,4950.8175,0.9565959963556634,1.9716742674647296,0.4851693873277045,cdki,set3_timelapse_cdki_cell_4,Expt2020_017_setIII_STLC_GM132_RO3306_mKate2-Astrin_Nuf2-GFP_GFP_timelapse_06_R3D_D3D
630,630,28_8,52,14862.192307692307,Expt2020_017_setIII_STLC_GM132_RO3306_mKate2-Astrin_Nuf2-GFP_GFP_timelapse_06_R3D_D3D_Z1_C0_T08.tif,6694.195357250527,5247.33,5646.576923076923,Expt2020_017_setIII_STLC_GM132_RO3306_mKate2-Astrin_Nuf2-GFP_GFP_timelapse_06_R3D_D3D_Z1_C1_T08.tif,5134.874093884157,4950.8175,1.099652458821186,2.22016112684775,0.4953029964912974,cdki,set3_timelapse_cdki_cell_4,Expt2020_017_setIII_STLC_GM132_RO3306_mKate2-Astrin_Nuf2-GFP_GFP_timelapse_06_R3D_D3D
631,631,28_9,38,12237.473684210527,Expt2020_017_setIII_STLC_GM132_RO3306_mKate2-Astrin_Nuf2-GFP_GFP_timelapse_06_R3D_D3D_Z1_C0_T08.tif,6694.195357250527,5247.33,4360.921052631579,Expt2020_017_setIII_STLC_GM132_RO3306_mKate2-Astrin_Nuf2-GFP_GFP_timelapse_06_R3D_D3D_Z1_C1_T08.tif,5134.874093884157,4950.8175,0.849275166809954,1.8280723867665496,0.4645741453992046,cdki,set3_timelapse_cdki_cell_4,Expt2020_017_setIII_STLC_GM132_RO3306_mKate2-Astrin_Nuf2-GFP_GFP_timelapse_06_R3D_D3D
632,632,28_10,36,13805.944444444443,Expt2020_017_setIII_STLC_GM132_RO3306_mKate2-Astrin_Nuf2-GFP_GFP_timelapse_06_R3D_D3D_Z1_C0_T08.tif,6694.195357250527,5247.33,4812.38888888889,Expt2020_017_setIII_STLC_GM132_RO3306_mKate2-Astrin_Nuf2-GFP_GFP_timelapse_06_R3D_D3D_Z1_C1_T08.tif,5134.874093884157,4950.8175,0.9371970570068386,2.0623754921480044,0.4544260056303954,cdki,set3_timelapse_cdki_cell_4,Expt2020_017_setIII_STLC_GM132_RO3306_mKate2-Astrin_Nuf2-GFP_GFP_timelapse_06_R3D_D3D
633,633,28_11,25,12540.36,Expt2020_017_setIII_STLC_GM132_RO3306_mKate2-Astrin_Nuf2-GFP_GFP_timelapse_06_R3D_D3D_Z1_C0_T08.tif,6694.195357250527,5247.33,4459.04,Expt2020_017_setIII_STLC_GM132_RO3306_mKate2-Astrin_Nuf2-GFP_GFP_timelapse_06_R3D_D3D_Z1_C1_T08.tif,5134.874093884157,4950.8175,0.8683835121314653,1.873318499200573,0.46355358819231357,cdki,set3_timelapse_cdki_cell_4,Expt2020_017_setIII_STLC_GM132_RO3306_mKate2-Astrin_Nuf2-GFP_GFP_timelapse_06_R3D_D3D
634,634,28_12,21,12163.428571428569,Expt2020_017_setIII_STLC_GM132_RO3306_mKate2-Astrin_Nuf2-GFP_GFP_timelapse_06_R3D_D3D_Z1_C0_T08.tif,6694.195357250527,5247.33,4556.095238095239,Expt2020_017_setIII_STLC_GM132_RO3306_mKate2-Astrin_Nuf2-GFP_GFP_timelapse_06_R3D_D3D_Z1_C1_T08.tif,5134.874093884157,4950.8175,0.8872847035376648,1.8170112944574106,0.48832096214493953,cdki,set3_timelapse_cdki_cell_4,Expt2020_017_setIII_STLC_GM132_RO3306_mKate2-Astrin_Nuf2-GFP_GFP_timelapse_06_R3D_D3D
635,635,28_13,31,13901.580645161292,Expt2020_017_setIII_STLC_GM132_RO3306_mKate2-Astrin_Nuf2-GFP_GFP_timelapse_06_R3D_D3D_Z1_C0_T08.tif,6694.195357250527,5247.33,4571.4838709677415,Expt2020_017_setIII_STLC_GM132_RO3306_mKate2-Astrin_Nuf2-GFP_GFP_timelapse_06_R3D_D3D_Z1_C1_T08.tif,5134.874093884157,4950.8175,0.8902815896523273,2.076661929219678,0.42870800351545785,cdki,set3_timelapse_cdki_cell_4,Expt2020_017_setIII_STLC_GM132_RO3306_mKate2-Astrin_Nuf2-GFP_GFP_timelapse_06_R3D_D3D
636,636,28_14,38,13172.315789473683,Expt2020_017_setIII_STLC_GM132_RO3306_mKate2-Astrin_Nuf2-GFP_GFP_timelapse_06_R3D_D3D_Z1_C0_T08.tif,6694.195357250527,5247.33,4401.1578947368425,Expt2020_017_setIII_STLC_GM132_RO3306_mKate2-Astrin_Nuf2-GFP_GFP_timelapse_06_R3D_D3D_Z1_C1_T08.tif,5134.874093884157,4950.8175,0.857111160715469,1.9677220467141971,0.43558548431508254,cdki,set3_timelapse_cdki_cell_4,Expt2020_017_setIII_STLC_GM132_RO3306_mKate2-Astrin_Nuf2-GFP_GFP_timelapse_06_R3D_D3D
637,637,28_15,38,13293.5,Expt2020_017_setIII_STLC_GM132_RO3306_mKate2-Astrin_Nuf2-GFP_GFP_timelapse_06_R3D_D3D_Z1_C0_T08.tif,6694.195357250527,5247.33,4794.736842105263,Expt2020_017_setIII_STLC_GM132_RO3306_mKate2-Astrin_Nuf2-GFP_GFP_timelapse_06_R3D_D3D_Z1_C1_T08.tif,5134.874093884157,4950.8175,0.9337593784073477,1.9858249260087282,0.4702123365346677,cdki,set3_timelapse_cdki_cell_4,Expt2020_017_setIII_STLC_GM132_RO3306_mKate2-Astrin_Nuf2-GFP_GFP_timelapse_06_R3D_D3D
638,638,28_16,68,15820.514705882351,Expt2020_017_setIII_STLC_GM132_RO3306_mKate2-Astrin_Nuf2-GFP_GFP_timelapse_06_R3D_D3D_Z1_C0_T08.tif,6694.195357250527,5247.33,4899.573529411765,Expt2020_017_setIII_STLC_GM132_RO3306_mKate2-Astrin_Nuf2-GFP_GFP_timelapse_06_R3D_D3D_Z1_C1_T08.tif,5134.874093884157,4950.8175,0.954175981694927,2.3633183469536854,0.4037441603772335,cdki,set3_timelapse_cdki_cell_4,Expt2020_017_setIII_STLC_GM132_RO3306_mKate2-Astrin_Nuf2-GFP_GFP_timelapse_06_R3D_D3D
639,639,28_17,16,12945.1875,Expt2020_017_setIII_STLC_GM132_RO3306_mKate2-Astrin_Nuf2-GFP_GFP_timelapse_06_R3D_D3D_Z1_C0_T08.tif,6694.195357250527,5247.33,5020.3125,Expt2020_017_setIII_STLC_GM132_RO3306_mKate2-Astrin_Nuf2-GFP_GFP_timelapse_06_R3D_D3D_Z1_C1_T08.tif,5134.874093884157,4950.8175,0.9776895028408574,1.9337929070114426,0.5055812849948944,cdki,set3_timelapse_cdki_cell_4,Expt2020_017_setIII_STLC_GM132_RO3306_mKate2-Astrin_Nuf2-GFP_GFP_timelapse_06_R3D_D3D
640,640,28_18,12,13315.083333333336,Expt2020_017_setIII_STLC_GM132_RO3306_mKate2-Astrin_Nuf2-GFP_GFP_timelapse_06_R3D_D3D_Z1_C0_T08.tif,6694.195357250527,5247.33,6621.25,Expt2020_017_setIII_STLC_GM132_RO3306_mKate2-Astrin_Nuf2-GFP_GFP_timelapse_06_R3D_D3D_Z1_C1_T08.tif,5134.874093884157,4950.8175,1.2894668649979513,1.989049112364443,0.6482830700269251,cdki,set3_timelapse_cdki_cell_4,Expt2020_017_setIII_STLC_GM132_RO3306_mKate2-Astrin_Nuf2-GFP_GFP_timelapse_06_R3D_D3D
641,641,28_19,26,13017.0,Expt2020_017_setIII_STLC_GM132_RO3306_mKate2-Astrin_Nuf2-GFP_GFP_timelapse_06_R3D_D3D_Z1_C0_T08.tif,6694.195357250527,5247.33,6909.961538461538,Expt2020_017_setIII_STLC_GM132_RO3306_mKate2-Astrin_Nuf2-GFP_GFP_timelapse_06_R3D_D3D_Z1_C1_T08.tif,5134.874093884157,4950.8175,1.3456924964706694,1.9445204845868744,0.6920433634601542,cdki,set3_timelapse_cdki_cell_4,Expt2020_017_setIII_STLC_GM132_RO3306_mKate2-Astrin_Nuf2-GFP_GFP_timelapse_06_R3D_D3D
642,642,28_20,56,15119.892857142857,Expt2020_017_setIII_STLC_GM132_RO3306_mKate2-Astrin_Nuf2-GFP_GFP_timelapse_06_R3D_D3D_Z1_C0_T08.tif,6694.195357250527,5247.33,7306.053571428572,Expt2020_017_setIII_STLC_GM132_RO3306_mKate2-Astrin_Nuf2-GFP_GFP_timelapse_06_R3D_D3D_Z1_C1_T08.tif,5134.874093884157,4950.8175,1.4228301293950667,2.258657247097876,0.6299451283381955,cdki,set3_timelapse_cdki_cell_4,Expt2020_017_setIII_STLC_GM132_RO3306_mKate2-Astrin_Nuf2-GFP_GFP_timelapse_06_R3D_D3D
645,645,28_23,99,16483.515151515152,Expt2020_017_setIII_STLC_GM132_RO3306_mKate2-Astrin_Nuf2-GFP_GFP_timelapse_06_R3D_D3D_Z1_C0_T08.tif,6694.195357250527,5247.33,6008.606060606061,Expt2020_017_setIII_STLC_GM132_RO3306_mKate2-Astrin_Nuf2-GFP_GFP_timelapse_06_R3D_D3D_Z1_C1_T08.tif,5134.874093884157,4950.8175,1.170156453838382,2.462359443045197,0.47521756303427853,cdki,set3_timelapse_cdki_cell_4,Expt2020_017_setIII_STLC_GM132_RO3306_mKate2-Astrin_Nuf2-GFP_GFP_timelapse_06_R3D_D3D
646,646,28_24,26,13099.576923076924,Expt2020_017_setIII_STLC_GM132_RO3306_mKate2-Astrin_Nuf2-GFP_GFP_timelapse_06_R3D_D3D_Z1_C0_T08.tif,6694.195357250527,5247.33,6381.269230769231,Expt2020_017_setIII_STLC_GM132_RO3306_mKate2-Astrin_Nuf2-GFP_GFP_timelapse_06_R3D_D3D_Z1_C1_T08.tif,5134.874093884157,4950.8175,1.2427313920646235,1.9568560856068662,0.6350652974458384,cdki,set3_timelapse_cdki_cell_4,Expt2020_017_setIII_STLC_GM132_RO3306_mKate2-Astrin_Nuf2-GFP_GFP_timelapse_06_R3D_D3D
647,647,28_25,41,14414.365853658535,Expt2020_017_setIII_STLC_GM132_RO3306_mKate2-Astrin_Nuf2-GFP_GFP_timelapse_06_R3D_D3D_Z1_C0_T08.tif,6694.195357250527,5247.33,6619.097560975611,Expt2020_017_setIII_STLC_GM132_RO3306_mKate2-Astrin_Nuf2-GFP_GFP_timelapse_06_R3D_D3D_Z1_C1_T08.tif,5134.874093884157,4950.8175,1.2890476845107504,2.1532633997671193,0.5986483978923173,cdki,set3_timelapse_cdki_cell_4,Expt2020_017_setIII_STLC_GM132_RO3306_mKate2-Astrin_Nuf2-GFP_GFP_timelapse_06_R3D_D3D
648,648,28_26,63,14477.031746031746,Expt2020_017_setIII_STLC_GM132_RO3306_mKate2-Astrin_Nuf2-GFP_GFP_timelapse_06_R3D_D3D_Z1_C0_T08.tif,6694.195357250527,5247.33,7384.2380952380945,Expt2020_017_setIII_STLC_GM132_RO3306_mKate2-Astrin_Nuf2-GFP_GFP_timelapse_06_R3D_D3D_Z1_C1_T08.tif,5134.874093884157,4950.8175,1.4380563106762483,2.162624628268665,0.6649588152649102,cdki,set3_timelapse_cdki_cell_4,Expt2020_017_setIII_STLC_GM132_RO3306_mKate2-Astrin_Nuf2-GFP_GFP_timelapse_06_R3D_D3D
649,649,28_27,30,14051.466666666667,Expt2020_017_setIII_STLC_GM132_RO3306_mKate2-Astrin_Nuf2-GFP_GFP_timelapse_06_R3D_D3D_Z1_C0_T08.tif,6694.195357250527,5247.33,6272.333333333332,Expt2020_017_setIII_STLC_GM132_RO3306_mKate2-Astrin_Nuf2-GFP_GFP_timelapse_06_R3D_D3D_Z1_C1_T08.tif,5134.874093884157,4950.8175,1.2215164809598613,2.0990523754953507,0.5819371137280929,cdki,set3_timelapse_cdki_cell_4,Expt2020_017_setIII_STLC_GM132_RO3306_mKate2-Astrin_Nuf2-GFP_GFP_timelapse_06_R3D_D3D
650,650,28_28,32,16148.375,Expt2020_017_setIII_STLC_GM132_RO3306_mKate2-Astrin_Nuf2-GFP_GFP_timelapse_06_R3D_D3D_Z1_C0_T08.tif,6694.195357250527,5247.33,6866.71875,Expt2020_017_setIII_STLC_GM132_RO3306_mKate2-Astrin_Nuf2-GFP_GFP_timelapse_06_R3D_D3D_Z1_C1_T08.tif,5134.874093884157,4950.8175,1.3372711043058563,2.4122951509787636,0.5543563372679634,cdki,set3_timelapse_cdki_cell_4,Expt2020_017_setIII_STLC_GM132_RO3306_mKate2-Astrin_Nuf2-GFP_GFP_timelapse_06_R3D_D3D
651,651,28_29,26,12792.923076923076,Expt2020_017_setIII_STLC_GM132_RO3306_mKate2-Astrin_Nuf2-GFP_GFP_timelapse_06_R3D_D3D_Z1_C0_T08.tif,6694.195357250527,5247.33,4937.115384615385,Expt2020_017_setIII_STLC_GM132_RO3306_mKate2-Astrin_Nuf2-GFP_GFP_timelapse_06_R3D_D3D_Z1_C1_T08.tif,5134.874093884157,4950.8175,0.9614871356818054,1.9110471676132035,0.5031205676009828,cdki,set3_timelapse_cdki_cell_4,Expt2020_017_setIII_STLC_GM132_RO3306_mKate2-Astrin_Nuf2-GFP_GFP_timelapse_06_R3D_D3D
652,652,28_30,129,15361.255813953489,Expt2020_017_setIII_STLC_GM132_RO3306_mKate2-Astrin_Nuf2-GFP_GFP_timelapse_06_R3D_D3D_Z1_C0_T08.tif,6694.195357250527,5247.33,5776.434108527133,Expt2020_017_setIII_STLC_GM132_RO3306_mKate2-Astrin_Nuf2-GFP_GFP_timelapse_06_R3D_D3D_Z1_C1_T08.tif,5134.874093884157,4950.8175,1.1249417226036953,2.2947128062696303,0.49023203231799717,cdki,set3_timelapse_cdki_cell_4,Expt2020_017_setIII_STLC_GM132_RO3306_mKate2-Astrin_Nuf2-GFP_GFP_timelapse_06_R3D_D3D
655,655,28_33,52,14655.596153846154,Expt2020_017_setIII_STLC_GM132_RO3306_mKate2-Astrin_Nuf2-GFP_GFP_timelapse_06_R3D_D3D_Z1_C0_T08.tif,6694.195357250527,5247.33,5995.788461538462,Expt2020_017_setIII_STLC_GM132_RO3306_mKate2-Astrin_Nuf2-GFP_GFP_timelapse_06_R3D_D3D_Z1_C1_T08.tif,5134.874093884157,4950.8175,1.1676602681806139,2.1892991422744457,0.5333488903519785,cdki,set3_timelapse_cdki_cell_4,Expt2020_017_setIII_STLC_GM132_RO3306_mKate2-Astrin_Nuf2-GFP_GFP_timelapse_06_R3D_D3D
656,656,29_1,32,17699.46875,Expt2020_017_setIII_STLC_GM132_RO3306_mKate2-Astrin_Nuf2-GFP_GFP_timelapse_06_R3D_D3D_Z1_C0_T09.tif,6748.899077475015,5236.035,6212.28125,Expt2020_017_setIII_STLC_GM132_RO3306_mKate2-Astrin_Nuf2-GFP_GFP_timelapse_06_R3D_D3D_Z1_C1_T09.tif,5058.829958177415,4888.1575,1.2280075237472792,2.6225712589292347,0.468245627098293,cdki,set3_timelapse_cdki_cell_4,Expt2020_017_setIII_STLC_GM132_RO3306_mKate2-Astrin_Nuf2-GFP_GFP_timelapse_06_R3D_D3D
657,657,29_2,21,14751.238095238095,Expt2020_017_setIII_STLC_GM132_RO3306_mKate2-Astrin_Nuf2-GFP_GFP_timelapse_06_R3D_D3D_Z1_C0_T09.tif,6748.899077475015,5236.035,4018.476190476191,Expt2020_017_setIII_STLC_GM132_RO3306_mKate2-Astrin_Nuf2-GFP_GFP_timelapse_06_R3D_D3D_Z1_C1_T09.tif,5058.829958177415,4888.1575,0.794348935168392,2.1857250976639317,0.3634258196592881,cdki,set3_timelapse_cdki_cell_4,Expt2020_017_setIII_STLC_GM132_RO3306_mKate2-Astrin_Nuf2-GFP_GFP_timelapse_06_R3D_D3D
658,658,29_3,16,13875.5,Expt2020_017_setIII_STLC_GM132_RO3306_mKate2-Astrin_Nuf2-GFP_GFP_timelapse_06_R3D_D3D_Z1_C0_T09.tif,6748.899077475015,5236.035,4725.125,Expt2020_017_setIII_STLC_GM132_RO3306_mKate2-Astrin_Nuf2-GFP_GFP_timelapse_06_R3D_D3D_Z1_C1_T09.tif,5058.829958177415,4888.1575,0.9340351502350868,2.055964956760219,0.45430499540562963,cdki,set3_timelapse_cdki_cell_4,Expt2020_017_setIII_STLC_GM132_RO3306_mKate2-Astrin_Nuf2-GFP_GFP_timelapse_06_R3D_D3D
659,659,29_4,26,16813.423076923078,Expt2020_017_setIII_STLC_GM132_RO3306_mKate2-Astrin_Nuf2-GFP_GFP_timelapse_06_R3D_D3D_Z1_C0_T09.tif,6748.899077475015,5236.035,6116.0,Expt2020_017_setIII_STLC_GM132_RO3306_mKate2-Astrin_Nuf2-GFP_GFP_timelapse_06_R3D_D3D_Z1_C1_T09.tif,5058.829958177415,4888.1575,1.208975207817315,2.491283820355117,0.48528200518116127,cdki,set3_timelapse_cdki_cell_4,Expt2020_017_setIII_STLC_GM132_RO3306_mKate2-Astrin_Nuf2-GFP_GFP_timelapse_06_R3D_D3D
660,660,29_5,26,16693.0,Expt2020_017_setIII_STLC_GM132_RO3306_mKate2-Astrin_Nuf2-GFP_GFP_timelapse_06_R3D_D3D_Z1_C0_T09.tif,6748.899077475015,5236.035,3987.8461538461543,Expt2020_017_setIII_STLC_GM132_RO3306_mKate2-Astrin_Nuf2-GFP_GFP_timelapse_06_R3D_D3D_Z1_C1_T09.tif,5058.829958177415,4888.1575,0.7882941681801234,2.4734404542681947,0.3187035155100802,cdki,set3_timelapse_cdki_cell_4,Expt2020_017_setIII_STLC_GM132_RO3306_mKate2-Astrin_Nuf2-GFP_GFP_timelapse_06_R3D_D3D
661,661,29_6,24,15684.083333333336,Expt2020_017_setIII_STLC_GM132_RO3306_mKate2-Astrin_Nuf2-GFP_GFP_timelapse_06_R3D_D3D_Z1_C0_T09.tif,6748.899077475015,5236.035,4581.416666666667,Expt2020_017_setIII_STLC_GM132_RO3306_mKate2-Astrin_Nuf2-GFP_GFP_timelapse_06_R3D_D3D_Z1_C1_T09.tif,5058.829958177415,4888.1575,0.905627725095004,2.3239469361277316,0.3896938054033209,cdki,set3_timelapse_cdki_cell_4,Expt2020_017_setIII_STLC_GM132_RO3306_mKate2-Astrin_Nuf2-GFP_GFP_timelapse_06_R3D_D3D
662,662,29_7,10,14451.3,Expt2020_017_setIII_STLC_GM132_RO3306_mKate2-Astrin_Nuf2-GFP_GFP_timelapse_06_R3D_D3D_Z1_C0_T09.tif,6748.899077475015,5236.035,5189.2,Expt2020_017_setIII_STLC_GM132_RO3306_mKate2-Astrin_Nuf2-GFP_GFP_timelapse_06_R3D_D3D_Z1_C1_T09.tif,5058.829958177415,4888.1575,1.0257707894711594,2.141282575736294,0.4790450364162896,cdki,set3_timelapse_cdki_cell_4,Expt2020_017_setIII_STLC_GM132_RO3306_mKate2-Astrin_Nuf2-GFP_GFP_timelapse_06_R3D_D3D
663,663,29_8,17,13386.235294117649,Expt2020_017_setIII_STLC_GM132_RO3306_mKate2-Astrin_Nuf2-GFP_GFP_timelapse_06_R3D_D3D_Z1_C0_T09.tif,6748.899077475015,5236.035,4529.294117647059,Expt2020_017_setIII_STLC_GM132_RO3306_mKate2-Astrin_Nuf2-GFP_GFP_timelapse_06_R3D_D3D_Z1_C1_T09.tif,5058.829958177415,4888.1575,0.8953244436147965,1.9834694726426225,0.4513931048416565,cdki,set3_timelapse_cdki_cell_4,Expt2020_017_setIII_STLC_GM132_RO3306_mKate2-Astrin_Nuf2-GFP_GFP_timelapse_06_R3D_D3D
664,664,29_9,16,15772.0625,Expt2020_017_setIII_STLC_GM132_RO3306_mKate2-Astrin_Nuf2-GFP_GFP_timelapse_06_R3D_D3D_Z1_C0_T09.tif,6748.899077475015,5236.035,6677.875,Expt2020_017_setIII_STLC_GM132_RO3306_mKate2-Astrin_Nuf2-GFP_GFP_timelapse_06_R3D_D3D_Z1_C1_T09.tif,5058.829958177415,4888.1575,1.3200433806250904,2.336983012924361,0.5648493691758876,cdki,set3_timelapse_cdki_cell_4,Expt2020_017_setIII_STLC_GM132_RO3306_mKate2-Astrin_Nuf2-GFP_GFP_timelapse_06_R3D_D3D
665,665,29_10,27,15496.629629629631,Expt2020_017_setIII_STLC_GM132_RO3306_mKate2-Astrin_Nuf2-GFP_GFP_timelapse_06_R3D_D3D_Z1_C0_T09.tif,6748.899077475015,5236.035,4257.9629629629635,Expt2020_017_setIII_STLC_GM132_RO3306_mKate2-Astrin_Nuf2-GFP_GFP_timelapse_06_R3D_D3D_Z1_C1_T09.tif,5058.829958177415,4888.1575,0.8416892835229856,2.296171486894931,0.36656203089656253,cdki,set3_timelapse_cdki_cell_4,Expt2020_017_setIII_STLC_GM132_RO3306_mKate2-Astrin_Nuf2-GFP_GFP_timelapse_06_R3D_D3D
666,666,29_11,50,17103.52,Expt2020_017_setIII_STLC_GM132_RO3306_mKate2-Astrin_Nuf2-GFP_GFP_timelapse_06_R3D_D3D_Z1_C0_T09.tif,6748.899077475015,5236.035,4949.96,Expt2020_017_setIII_STLC_GM132_RO3306_mKate2-Astrin_Nuf2-GFP_GFP_timelapse_06_R3D_D3D_Z1_C1_T09.tif,5058.829958177415,4888.1575,0.978479221662426,2.5342681530213356,0.3860993243733463,cdki,set3_timelapse_cdki_cell_4,Expt2020_017_setIII_STLC_GM132_RO3306_mKate2-Astrin_Nuf2-GFP_GFP_timelapse_06_R3D_D3D
667,667,29_12,30,15224.533333333333,Expt2020_017_setIII_STLC_GM132_RO3306_mKate2-Astrin_Nuf2-GFP_GFP_timelapse_06_R3D_D3D_Z1_C0_T09.tif,6748.899077475015,5236.035,5074.133333333333,Expt2020_017_setIII_STLC_GM132_RO3306_mKate2-Astrin_Nuf2-GFP_GFP_timelapse_06_R3D_D3D_Z1_C1_T09.tif,5058.829958177415,4888.1575,1.0030250819423532,2.255854348770219,0.44463202266988255,cdki,set3_timelapse_cdki_cell_4,Expt2020_017_setIII_STLC_GM132_RO3306_mKate2-Astrin_Nuf2-GFP_GFP_timelapse_06_R3D_D3D
668,668,29_13,30,16187.166666666664,Expt2020_017_setIII_STLC_GM132_RO3306_mKate2-Astrin_Nuf2-GFP_GFP_timelapse_06_R3D_D3D_Z1_C0_T09.tif,6748.899077475015,5236.035,6871.9,Expt2020_017_setIII_STLC_GM132_RO3306_mKate2-Astrin_Nuf2-GFP_GFP_timelapse_06_R3D_D3D_Z1_C1_T09.tif,5058.829958177415,4888.1575,1.358397110954841,2.39848995826484,0.5663551378541346,cdki,set3_timelapse_cdki_cell_4,Expt2020_017_setIII_STLC_GM132_RO3306_mKate2-Astrin_Nuf2-GFP_GFP_timelapse_06_R3D_D3D
669,669,29_14,58,17103.05172413793,Expt2020_017_setIII_STLC_GM132_RO3306_mKate2-Astrin_Nuf2-GFP_GFP_timelapse_06_R3D_D3D_Z1_C0_T09.tif,6748.899077475015,5236.035,7213.793103448276,Expt2020_017_setIII_STLC_GM132_RO3306_mKate2-Astrin_Nuf2-GFP_GFP_timelapse_06_R3D_D3D_Z1_C1_T09.tif,5058.829958177415,4888.1575,1.4259805455187204,2.534198767502795,0.5626948303364083,cdki,set3_timelapse_cdki_cell_4,Expt2020_017_setIII_STLC_GM132_RO3306_mKate2-Astrin_Nuf2-GFP_GFP_timelapse_06_R3D_D3D
671,671,29_16,43,18135.0,Expt2020_017_setIII_STLC_GM132_RO3306_mKate2-Astrin_Nuf2-GFP_GFP_timelapse_06_R3D_D3D_Z1_C0_T09.tif,6748.899077475015,5236.035,6079.441860465116,Expt2020_017_setIII_STLC_GM132_RO3306_mKate2-Astrin_Nuf2-GFP_GFP_timelapse_06_R3D_D3D_Z1_C1_T09.tif,5058.829958177415,4888.1575,1.2017486080230704,2.6871049324958793,0.44722801610387547,cdki,set3_timelapse_cdki_cell_4,Expt2020_017_setIII_STLC_GM132_RO3306_mKate2-Astrin_Nuf2-GFP_GFP_timelapse_06_R3D_D3D
672,672,29_17,36,15721.083333333336,Expt2020_017_setIII_STLC_GM132_RO3306_mKate2-Astrin_Nuf2-GFP_GFP_timelapse_06_R3D_D3D_Z1_C0_T09.tif,6748.899077475015,5236.035,6852.555555555556,Expt2020_017_setIII_STLC_GM132_RO3306_mKate2-Astrin_Nuf2-GFP_GFP_timelapse_06_R3D_D3D_Z1_C1_T09.tif,5058.829958177415,4888.1575,1.3545732140054734,2.3294293117826723,0.5815043226054547,cdki,set3_timelapse_cdki_cell_4,Expt2020_017_setIII_STLC_GM132_RO3306_mKate2-Astrin_Nuf2-GFP_GFP_timelapse_06_R3D_D3D
673,673,29_18,24,14744.291666666664,Expt2020_017_setIII_STLC_GM132_RO3306_mKate2-Astrin_Nuf2-GFP_GFP_timelapse_06_R3D_D3D_Z1_C0_T09.tif,6748.899077475015,5236.035,6562.291666666668,Expt2020_017_setIII_STLC_GM132_RO3306_mKate2-Astrin_Nuf2-GFP_GFP_timelapse_06_R3D_D3D_Z1_C1_T09.tif,5058.829958177415,4888.1575,1.2971955414431278,2.184695829261532,0.5937648271528967,cdki,set3_timelapse_cdki_cell_4,Expt2020_017_setIII_STLC_GM132_RO3306_mKate2-Astrin_Nuf2-GFP_GFP_timelapse_06_R3D_D3D
674,674,29_19,26,17623.153846153848,Expt2020_017_setIII_STLC_GM132_RO3306_mKate2-Astrin_Nuf2-GFP_GFP_timelapse_06_R3D_D3D_Z1_C0_T09.tif,6748.899077475015,5236.035,7250.5,Expt2020_017_setIII_STLC_GM132_RO3306_mKate2-Astrin_Nuf2-GFP_GFP_timelapse_06_R3D_D3D_Z1_C1_T09.tif,5058.829958177415,4888.1575,1.4332365507324138,2.6112635029574705,0.5488670710976337,cdki,set3_timelapse_cdki_cell_4,Expt2020_017_setIII_STLC_GM132_RO3306_mKate2-Astrin_Nuf2-GFP_GFP_timelapse_06_R3D_D3D
675,675,29_20,26,16114.807692307693,Expt2020_017_setIII_STLC_GM132_RO3306_mKate2-Astrin_Nuf2-GFP_GFP_timelapse_06_R3D_D3D_Z1_C0_T09.tif,6748.899077475015,5236.035,5954.038461538462,Expt2020_017_setIII_STLC_GM132_RO3306_mKate2-Astrin_Nuf2-GFP_GFP_timelapse_06_R3D_D3D_Z1_C1_T09.tif,5058.829958177415,4888.1575,1.1769595955511363,2.3877683615231615,0.4929119652127193,cdki,set3_timelapse_cdki_cell_4,Expt2020_017_setIII_STLC_GM132_RO3306_mKate2-Astrin_Nuf2-GFP_GFP_timelapse_06_R3D_D3D
676,676,29_21,8,14900.25,Expt2020_017_setIII_STLC_GM132_RO3306_mKate2-Astrin_Nuf2-GFP_GFP_timelapse_06_R3D_D3D_Z1_C0_T09.tif,6748.899077475015,5236.035,5086.75,Expt2020_017_setIII_STLC_GM132_RO3306_mKate2-Astrin_Nuf2-GFP_GFP_timelapse_06_R3D_D3D_Z1_C1_T09.tif,5058.829958177415,4888.1575,1.0055190710210475,2.2078045365548236,0.45543844773057374,cdki,set3_timelapse_cdki_cell_4,Expt2020_017_setIII_STLC_GM132_RO3306_mKate2-Astrin_Nuf2-GFP_GFP_timelapse_06_R3D_D3D
677,677,29_22,30,17345.9,Expt2020_017_setIII_STLC_GM132_RO3306_mKate2-Astrin_Nuf2-GFP_GFP_timelapse_06_R3D_D3D_Z1_C0_T09.tif,6748.899077475015,5236.035,6623.533333333334,Expt2020_017_setIII_STLC_GM132_RO3306_mKate2-Astrin_Nuf2-GFP_GFP_timelapse_06_R3D_D3D_Z1_C1_T09.tif,5058.829958177415,4888.1575,1.3093014369116385,2.5701821587306464,0.5094197049279465,cdki,set3_timelapse_cdki_cell_4,Expt2020_017_setIII_STLC_GM132_RO3306_mKate2-Astrin_Nuf2-GFP_GFP_timelapse_06_R3D_D3D
678,678,29_23,21,15076.047619047617,Expt2020_017_setIII_STLC_GM132_RO3306_mKate2-Astrin_Nuf2-GFP_GFP_timelapse_06_R3D_D3D_Z1_C0_T09.tif,6748.899077475015,5236.035,4562.761904761905,Expt2020_017_setIII_STLC_GM132_RO3306_mKate2-Astrin_Nuf2-GFP_GFP_timelapse_06_R3D_D3D_Z1_C1_T09.tif,5058.829958177415,4888.1575,0.9019401605674382,2.2338528767403147,0.4037598760235134,cdki,set3_timelapse_cdki_cell_4,Expt2020_017_setIII_STLC_GM132_RO3306_mKate2-Astrin_Nuf2-GFP_GFP_timelapse_06_R3D_D3D
679,679,29_24,77,16849.415584415583,Expt2020_017_setIII_STLC_GM132_RO3306_mKate2-Astrin_Nuf2-GFP_GFP_timelapse_06_R3D_D3D_Z1_C0_T09.tif,6748.899077475015,5236.035,5978.4805194805185,Expt2020_017_setIII_STLC_GM132_RO3306_mKate2-Astrin_Nuf2-GFP_GFP_timelapse_06_R3D_D3D_Z1_C1_T09.tif,5058.829958177415,4888.1575,1.1817911590043704,2.496616913512878,0.47335702670600144,cdki,set3_timelapse_cdki_cell_4,Expt2020_017_setIII_STLC_GM132_RO3306_mKate2-Astrin_Nuf2-GFP_GFP_timelapse_06_R3D_D3D
682,682,29_27,34,15925.676470588234,Expt2020_017_setIII_STLC_GM132_RO3306_mKate2-Astrin_Nuf2-GFP_GFP_timelapse_06_R3D_D3D_Z1_C0_T09.tif,6748.899077475015,5236.035,6290.441176470588,Expt2020_017_setIII_STLC_GM132_RO3306_mKate2-Astrin_Nuf2-GFP_GFP_timelapse_06_R3D_D3D_Z1_C1_T09.tif,5058.829958177415,4888.1575,1.243457722136384,2.359744350562515,0.5269459472760127,cdki,set3_timelapse_cdki_cell_4,Expt2020_017_setIII_STLC_GM132_RO3306_mKate2-Astrin_Nuf2-GFP_GFP_timelapse_06_R3D_D3D
683,683,29_28,26,15987.53846153846,Expt2020_017_setIII_STLC_GM132_RO3306_mKate2-Astrin_Nuf2-GFP_GFP_timelapse_06_R3D_D3D_Z1_C0_T09.tif,6748.899077475015,5236.035,4700.307692307692,Expt2020_017_setIII_STLC_GM132_RO3306_mKate2-Astrin_Nuf2-GFP_GFP_timelapse_06_R3D_D3D_Z1_C1_T09.tif,5058.829958177415,4888.1575,0.9291294095999046,2.3689105849720193,0.392218015949673,cdki,set3_timelapse_cdki_cell_4,Expt2020_017_setIII_STLC_GM132_RO3306_mKate2-Astrin_Nuf2-GFP_GFP_timelapse_06_R3D_D3D
684,684,30_1,34,18422.0,Expt2020_017_setIII_STLC_GM132_RO3306_mKate2-Astrin_Nuf2-GFP_GFP_timelapse_06_R3D_D3D_Z1_C0_T10.tif,6705.393410365905,5189.7225,5906.558823529412,Expt2020_017_setIII_STLC_GM132_RO3306_mKate2-Astrin_Nuf2-GFP_GFP_timelapse_06_R3D_D3D_Z1_C1_T10.tif,4940.9458951432625,4717.61,1.1954307836755114,2.7473406663241158,0.43512288021964624,cdki,set3_timelapse_cdki_cell_4,Expt2020_017_setIII_STLC_GM132_RO3306_mKate2-Astrin_Nuf2-GFP_GFP_timelapse_06_R3D_D3D
685,685,30_2,16,15505.875,Expt2020_017_setIII_STLC_GM132_RO3306_mKate2-Astrin_Nuf2-GFP_GFP_timelapse_06_R3D_D3D_Z1_C0_T10.tif,6705.393410365905,5189.7225,4299.625,Expt2020_017_setIII_STLC_GM132_RO3306_mKate2-Astrin_Nuf2-GFP_GFP_timelapse_06_R3D_D3D_Z1_C1_T10.tif,4940.9458951432625,4717.61,0.8702028095928649,2.3124482116186327,0.37631234516761497,cdki,set3_timelapse_cdki_cell_4,Expt2020_017_setIII_STLC_GM132_RO3306_mKate2-Astrin_Nuf2-GFP_GFP_timelapse_06_R3D_D3D
686,686,30_3,38,17217.105263157893,Expt2020_017_setIII_STLC_GM132_RO3306_mKate2-Astrin_Nuf2-GFP_GFP_timelapse_06_R3D_D3D_Z1_C0_T10.tif,6705.393410365905,5189.7225,4918.368421052632,Expt2020_017_setIII_STLC_GM132_RO3306_mKate2-Astrin_Nuf2-GFP_GFP_timelapse_06_R3D_D3D_Z1_C1_T10.tif,4940.9458951432625,4717.61,0.9954305360613596,2.567650279332138,0.387681509461747,cdki,set3_timelapse_cdki_cell_4,Expt2020_017_setIII_STLC_GM132_RO3306_mKate2-Astrin_Nuf2-GFP_GFP_timelapse_06_R3D_D3D
687,687,30_4,12,15532.666666666664,Expt2020_017_setIII_STLC_GM132_RO3306_mKate2-Astrin_Nuf2-GFP_GFP_timelapse_06_R3D_D3D_Z1_C0_T10.tif,6705.393410365905,5189.7225,3792.833333333334,Expt2020_017_setIII_STLC_GM132_RO3306_mKate2-Astrin_Nuf2-GFP_GFP_timelapse_06_R3D_D3D_Z1_C1_T10.tif,4940.9458951432625,4717.61,0.767633043110536,2.316443751481401,0.3313842792943377,cdki,set3_timelapse_cdki_cell_4,Expt2020_017_setIII_STLC_GM132_RO3306_mKate2-Astrin_Nuf2-GFP_GFP_timelapse_06_R3D_D3D
688,688,30_5,12,15279.666666666664,Expt2020_017_setIII_STLC_GM132_RO3306_mKate2-Astrin_Nuf2-GFP_GFP_timelapse_06_R3D_D3D_Z1_C0_T10.tif,6705.393410365905,5189.7225,4870.5,Expt2020_017_setIII_STLC_GM132_RO3306_mKate2-Astrin_Nuf2-GFP_GFP_timelapse_06_R3D_D3D_Z1_C1_T10.tif,4940.9458951432625,4717.61,0.9857424273330927,2.278712930257864,0.43258736730016445,cdki,set3_timelapse_cdki_cell_4,Expt2020_017_setIII_STLC_GM132_RO3306_mKate2-Astrin_Nuf2-GFP_GFP_timelapse_06_R3D_D3D
689,689,30_6,26,15632.653846153846,Expt2020_017_setIII_STLC_GM132_RO3306_mKate2-Astrin_Nuf2-GFP_GFP_timelapse_06_R3D_D3D_Z1_C0_T10.tif,6705.393410365905,5189.7225,5665.884615384615,Expt2020_017_setIII_STLC_GM132_RO3306_mKate2-Astrin_Nuf2-GFP_GFP_timelapse_06_R3D_D3D_Z1_C1_T10.tif,4940.9458951432625,4717.61,1.146720635203461,2.3313552075836803,0.4918686914260367,cdki,set3_timelapse_cdki_cell_4,Expt2020_017_setIII_STLC_GM132_RO3306_mKate2-Astrin_Nuf2-GFP_GFP_timelapse_06_R3D_D3D
690,690,30_7,16,16435.75,Expt2020_017_setIII_STLC_GM132_RO3306_mKate2-Astrin_Nuf2-GFP_GFP_timelapse_06_R3D_D3D_Z1_C0_T10.tif,6705.393410365905,5189.7225,3877.125,Expt2020_017_setIII_STLC_GM132_RO3306_mKate2-Astrin_Nuf2-GFP_GFP_timelapse_06_R3D_D3D_Z1_C1_T10.tif,4940.9458951432625,4717.61,0.7846928669692674,2.451123892983204,0.3201359462961444,cdki,set3_timelapse_cdki_cell_4,Expt2020_017_setIII_STLC_GM132_RO3306_mKate2-Astrin_Nuf2-GFP_GFP_timelapse_06_R3D_D3D
691,691,30_8,47,17254.76595744681,Expt2020_017_setIII_STLC_GM132_RO3306_mKate2-Astrin_Nuf2-GFP_GFP_timelapse_06_R3D_D3D_Z1_C0_T10.tif,6705.393410365905,5189.7225,4865.808510638298,Expt2020_017_setIII_STLC_GM132_RO3306_mKate2-Astrin_Nuf2-GFP_GFP_timelapse_06_R3D_D3D_Z1_C1_T10.tif,4940.9458951432625,4717.61,0.9847929149398658,2.5732667572901198,0.3827014483243629,cdki,set3_timelapse_cdki_cell_4,Expt2020_017_setIII_STLC_GM132_RO3306_mKate2-Astrin_Nuf2-GFP_GFP_timelapse_06_R3D_D3D
692,692,30_9,16,15134.375,Expt2020_017_setIII_STLC_GM132_RO3306_mKate2-Astrin_Nuf2-GFP_GFP_timelapse_06_R3D_D3D_Z1_C0_T10.tif,6705.393410365905,5189.7225,5128.875,Expt2020_017_setIII_STLC_GM132_RO3306_mKate2-Astrin_Nuf2-GFP_GFP_timelapse_06_R3D_D3D_Z1_C1_T10.tif,4940.9458951432625,4717.61,1.0380350460913697,2.2570450492291303,0.45990887352731374,cdki,set3_timelapse_cdki_cell_4,Expt2020_017_setIII_STLC_GM132_RO3306_mKate2-Astrin_Nuf2-GFP_GFP_timelapse_06_R3D_D3D
693,693,30_10,30,15777.733333333335,Expt2020_017_setIII_STLC_GM132_RO3306_mKate2-Astrin_Nuf2-GFP_GFP_timelapse_06_R3D_D3D_Z1_C0_T10.tif,6705.393410365905,5189.7225,5806.733333333334,Expt2020_017_setIII_STLC_GM132_RO3306_mKate2-Astrin_Nuf2-GFP_GFP_timelapse_06_R3D_D3D_Z1_C1_T10.tif,4940.9458951432625,4717.61,1.1752270631097383,2.352991445504517,0.4994608311709148,cdki,set3_timelapse_cdki_cell_4,Expt2020_017_setIII_STLC_GM132_RO3306_mKate2-Astrin_Nuf2-GFP_GFP_timelapse_06_R3D_D3D
694,694,30_11,47,16545.382978723403,Expt2020_017_setIII_STLC_GM132_RO3306_mKate2-Astrin_Nuf2-GFP_GFP_timelapse_06_R3D_D3D_Z1_C0_T10.tif,6705.393410365905,5189.7225,7013.0,Expt2020_017_setIII_STLC_GM132_RO3306_mKate2-Astrin_Nuf2-GFP_GFP_timelapse_06_R3D_D3D_Z1_C1_T10.tif,4940.9458951432625,4717.61,1.4193638523533474,2.4674738626291193,0.5752295389427146,cdki,set3_timelapse_cdki_cell_4,Expt2020_017_setIII_STLC_GM132_RO3306_mKate2-Astrin_Nuf2-GFP_GFP_timelapse_06_R3D_D3D
696,696,30_13,39,17618.333333333332,Expt2020_017_setIII_STLC_GM132_RO3306_mKate2-Astrin_Nuf2-GFP_GFP_timelapse_06_R3D_D3D_Z1_C0_T10.tif,6705.393410365905,5189.7225,5548.846153846153,Expt2020_017_setIII_STLC_GM132_RO3306_mKate2-Astrin_Nuf2-GFP_GFP_timelapse_06_R3D_D3D_Z1_C1_T10.tif,4940.9458951432625,4717.61,1.12303317453859,2.6274868982477675,0.4274172310002856,cdki,set3_timelapse_cdki_cell_4,Expt2020_017_setIII_STLC_GM132_RO3306_mKate2-Astrin_Nuf2-GFP_GFP_timelapse_06_R3D_D3D
697,697,30_14,36,16123.972222222224,Expt2020_017_setIII_STLC_GM132_RO3306_mKate2-Astrin_Nuf2-GFP_GFP_timelapse_06_R3D_D3D_Z1_C0_T10.tif,6705.393410365905,5189.7225,6292.083333333332,Expt2020_017_setIII_STLC_GM132_RO3306_mKate2-Astrin_Nuf2-GFP_GFP_timelapse_06_R3D_D3D_Z1_C1_T10.tif,4940.9458951432625,4717.61,1.2734572421685855,2.404627325414805,0.5295861145339478,cdki,set3_timelapse_cdki_cell_4,Expt2020_017_setIII_STLC_GM132_RO3306_mKate2-Astrin_Nuf2-GFP_GFP_timelapse_06_R3D_D3D
698,698,30_15,16,15267.875,Expt2020_017_setIII_STLC_GM132_RO3306_mKate2-Astrin_Nuf2-GFP_GFP_timelapse_06_R3D_D3D_Z1_C0_T10.tif,6705.393410365905,5189.7225,5656.75,Expt2020_017_setIII_STLC_GM132_RO3306_mKate2-Astrin_Nuf2-GFP_GFP_timelapse_06_R3D_D3D_Z1_C1_T10.tif,4940.9458951432625,4717.61,1.144871876771681,2.2769543956059772,0.5028084352418444,cdki,set3_timelapse_cdki_cell_4,Expt2020_017_setIII_STLC_GM132_RO3306_mKate2-Astrin_Nuf2-GFP_GFP_timelapse_06_R3D_D3D
699,699,30_16,26,16704.5,Expt2020_017_setIII_STLC_GM132_RO3306_mKate2-Astrin_Nuf2-GFP_GFP_timelapse_06_R3D_D3D_Z1_C0_T10.tif,6705.393410365905,5189.7225,5995.461538461538,Expt2020_017_setIII_STLC_GM132_RO3306_mKate2-Astrin_Nuf2-GFP_GFP_timelapse_06_R3D_D3D_Z1_C1_T10.tif,4940.9458951432625,4717.61,1.213423839422087,2.491203569678167,0.48708337375208827,cdki,set3_timelapse_cdki_cell_4,Expt2020_017_setIII_STLC_GM132_RO3306_mKate2-Astrin_Nuf2-GFP_GFP_timelapse_06_R3D_D3D
700,700,30_17,32,15975.5625,Expt2020_017_setIII_STLC_GM132_RO3306_mKate2-Astrin_Nuf2-GFP_GFP_timelapse_06_R3D_D3D_Z1_C0_T10.tif,6705.393410365905,5189.7225,6803.4375,Expt2020_017_setIII_STLC_GM132_RO3306_mKate2-Astrin_Nuf2-GFP_GFP_timelapse_06_R3D_D3D_Z1_C1_T10.tif,4940.9458951432625,4717.61,1.3769504148360512,2.382494437284364,0.5779448603479381,cdki,set3_timelapse_cdki_cell_4,Expt2020_017_setIII_STLC_GM132_RO3306_mKate2-Astrin_Nuf2-GFP_GFP_timelapse_06_R3D_D3D
701,701,30_18,21,16755.52380952381,Expt2020_017_setIII_STLC_GM132_RO3306_mKate2-Astrin_Nuf2-GFP_GFP_timelapse_06_R3D_D3D_Z1_C0_T10.tif,6705.393410365905,5189.7225,4888.238095238095,Expt2020_017_setIII_STLC_GM132_RO3306_mKate2-Astrin_Nuf2-GFP_GFP_timelapse_06_R3D_D3D_Z1_C1_T10.tif,4940.9458951432625,4717.61,0.9893324474657825,2.4988129381970867,0.39592097205147087,cdki,set3_timelapse_cdki_cell_4,Expt2020_017_setIII_STLC_GM132_RO3306_mKate2-Astrin_Nuf2-GFP_GFP_timelapse_06_R3D_D3D
702,702,30_19,26,17424.615384615383,Expt2020_017_setIII_STLC_GM132_RO3306_mKate2-Astrin_Nuf2-GFP_GFP_timelapse_06_R3D_D3D_Z1_C0_T10.tif,6705.393410365905,5189.7225,6893.846153846153,Expt2020_017_setIII_STLC_GM132_RO3306_mKate2-Astrin_Nuf2-GFP_GFP_timelapse_06_R3D_D3D_Z1_C1_T10.tif,4940.9458951432625,4717.61,1.3952482581569063,2.598597027532877,0.5369236720329673,cdki,set3_timelapse_cdki_cell_4,Expt2020_017_setIII_STLC_GM132_RO3306_mKate2-Astrin_Nuf2-GFP_GFP_timelapse_06_R3D_D3D
703,703,30_20,12,15777.0,Expt2020_017_setIII_STLC_GM132_RO3306_mKate2-Astrin_Nuf2-GFP_GFP_timelapse_06_R3D_D3D_Z1_C0_T10.tif,6705.393410365905,5189.7225,4586.916666666667,Expt2020_017_setIII_STLC_GM132_RO3306_mKate2-Astrin_Nuf2-GFP_GFP_timelapse_06_R3D_D3D_Z1_C1_T10.tif,4940.9458951432625,4717.61,0.9283478839902718,2.352882080805318,0.3945577602735311,cdki,set3_timelapse_cdki_cell_4,Expt2020_017_setIII_STLC_GM132_RO3306_mKate2-Astrin_Nuf2-GFP_GFP_timelapse_06_R3D_D3D
704,704,30_21,26,18170.19230769231,Expt2020_017_setIII_STLC_GM132_RO3306_mKate2-Astrin_Nuf2-GFP_GFP_timelapse_06_R3D_D3D_Z1_C0_T10.tif,6705.393410365905,5189.7225,7376.846153846153,Expt2020_017_setIII_STLC_GM132_RO3306_mKate2-Astrin_Nuf2-GFP_GFP_timelapse_06_R3D_D3D_Z1_C1_T10.tif,4940.9458951432625,4717.61,1.4930028197834095,2.70978765833529,0.5509667206546396,cdki,set3_timelapse_cdki_cell_4,Expt2020_017_setIII_STLC_GM132_RO3306_mKate2-Astrin_Nuf2-GFP_GFP_timelapse_06_R3D_D3D
706,706,30_23,32,19654.40625,Expt2020_017_setIII_STLC_GM132_RO3306_mKate2-Astrin_Nuf2-GFP_GFP_timelapse_06_R3D_D3D_Z1_C0_T10.tif,6705.393410365905,5189.7225,5984.65625,Expt2020_017_setIII_STLC_GM132_RO3306_mKate2-Astrin_Nuf2-GFP_GFP_timelapse_06_R3D_D3D_Z1_C1_T10.tif,4940.9458951432625,4717.61,1.211236952803442,2.9311339465356565,0.41323152571550603,cdki,set3_timelapse_cdki_cell_4,Expt2020_017_setIII_STLC_GM132_RO3306_mKate2-Astrin_Nuf2-GFP_GFP_timelapse_06_R3D_D3D
708,708,30_25,32,15068.0,Expt2020_017_setIII_STLC_GM132_RO3306_mKate2-Astrin_Nuf2-GFP_GFP_timelapse_06_R3D_D3D_Z1_C0_T10.tif,6705.393410365905,5189.7225,4684.59375,Expt2020_017_setIII_STLC_GM132_RO3306_mKate2-Astrin_Nuf2-GFP_GFP_timelapse_06_R3D_D3D_Z1_C1_T10.tif,4940.9458951432625,4717.61,0.9481167876387301,2.247146301170979,0.4219203650179208,cdki,set3_timelapse_cdki_cell_4,Expt2020_017_setIII_STLC_GM132_RO3306_mKate2-Astrin_Nuf2-GFP_GFP_timelapse_06_R3D_D3D
709,709,31_1,8,12894.875,Expt2020_017_setIII_STLC_GM132_RO3306_mKate2-Astrin_Nuf2-GFP_GFP_timelapse_06_R3D_D3D_Z1_C0_T11.tif,6574.713301115393,5121.7275,3437.25,Expt2020_017_setIII_STLC_GM132_RO3306_mKate2-Astrin_Nuf2-GFP_GFP_timelapse_06_R3D_D3D_Z1_C1_T11.tif,4814.199371103879,4602.02,0.713981647837707,1.9612832391965136,0.3640380102010185,cdki,set3_timelapse_cdki_cell_4,Expt2020_017_setIII_STLC_GM132_RO3306_mKate2-Astrin_Nuf2-GFP_GFP_timelapse_06_R3D_D3D
710,710,31_2,38,14376.947368421052,Expt2020_017_setIII_STLC_GM132_RO3306_mKate2-Astrin_Nuf2-GFP_GFP_timelapse_06_R3D_D3D_Z1_C0_T11.tif,6574.713301115393,5121.7275,4731.842105263158,Expt2020_017_setIII_STLC_GM132_RO3306_mKate2-Astrin_Nuf2-GFP_GFP_timelapse_06_R3D_D3D_Z1_C1_T11.tif,4814.199371103879,4602.02,0.9828928427154366,2.1867033146497836,0.44948614479639826,cdki,set3_timelapse_cdki_cell_4,Expt2020_017_setIII_STLC_GM132_RO3306_mKate2-Astrin_Nuf2-GFP_GFP_timelapse_06_R3D_D3D
711,711,31_3,30,13473.366666666667,Expt2020_017_setIII_STLC_GM132_RO3306_mKate2-Astrin_Nuf2-GFP_GFP_timelapse_06_R3D_D3D_Z1_C0_T11.tif,6574.713301115393,5121.7275,3552.933333333333,Expt2020_017_setIII_STLC_GM132_RO3306_mKate2-Astrin_Nuf2-GFP_GFP_timelapse_06_R3D_D3D_Z1_C1_T11.tif,4814.199371103879,4602.02,0.7380112578342717,2.049270599279352,0.360133629055041,cdki,set3_timelapse_cdki_cell_4,Expt2020_017_setIII_STLC_GM132_RO3306_mKate2-Astrin_Nuf2-GFP_GFP_timelapse_06_R3D_D3D
712,712,31_4,40,13856.45,Expt2020_017_setIII_STLC_GM132_RO3306_mKate2-Astrin_Nuf2-GFP_GFP_timelapse_06_R3D_D3D_Z1_C0_T11.tif,6574.713301115393,5121.7275,5120.9,Expt2020_017_setIII_STLC_GM132_RO3306_mKate2-Astrin_Nuf2-GFP_GFP_timelapse_06_R3D_D3D_Z1_C1_T11.tif,4814.199371103879,4602.02,1.0637075046656814,2.1075367647817083,0.5047159899845718,cdki,set3_timelapse_cdki_cell_4,Expt2020_017_setIII_STLC_GM132_RO3306_mKate2-Astrin_Nuf2-GFP_GFP_timelapse_06_R3D_D3D
713,713,31_5,46,14011.608695652172,Expt2020_017_setIII_STLC_GM132_RO3306_mKate2-Astrin_Nuf2-GFP_GFP_timelapse_06_R3D_D3D_Z1_C0_T11.tif,6574.713301115393,5121.7275,4347.152173913043,Expt2020_017_setIII_STLC_GM132_RO3306_mKate2-Astrin_Nuf2-GFP_GFP_timelapse_06_R3D_D3D_Z1_C1_T11.tif,4814.199371103879,4602.02,0.9029854891357058,2.131136074522842,0.42371085541212233,cdki,set3_timelapse_cdki_cell_4,Expt2020_017_setIII_STLC_GM132_RO3306_mKate2-Astrin_Nuf2-GFP_GFP_timelapse_06_R3D_D3D
714,714,31_6,21,12965.761904761905,Expt2020_017_setIII_STLC_GM132_RO3306_mKate2-Astrin_Nuf2-GFP_GFP_timelapse_06_R3D_D3D_Z1_C0_T11.tif,6574.713301115393,5121.7275,4417.238095238095,Expt2020_017_setIII_STLC_GM132_RO3306_mKate2-Astrin_Nuf2-GFP_GFP_timelapse_06_R3D_D3D_Z1_C1_T11.tif,4814.199371103879,4602.02,0.9175436567400072,1.972064987618894,0.4652704969159589,cdki,set3_timelapse_cdki_cell_4,Expt2020_017_setIII_STLC_GM132_RO3306_mKate2-Astrin_Nuf2-GFP_GFP_timelapse_06_R3D_D3D
715,715,31_7,31,13567.193548387097,Expt2020_017_setIII_STLC_GM132_RO3306_mKate2-Astrin_Nuf2-GFP_GFP_timelapse_06_R3D_D3D_Z1_C0_T11.tif,6574.713301115393,5121.7275,4510.870967741936,Expt2020_017_setIII_STLC_GM132_RO3306_mKate2-Astrin_Nuf2-GFP_GFP_timelapse_06_R3D_D3D_Z1_C1_T11.tif,4814.199371103879,4602.02,0.9369929701743136,2.063541469722404,0.4540703368080903,cdki,set3_timelapse_cdki_cell_4,Expt2020_017_setIII_STLC_GM132_RO3306_mKate2-Astrin_Nuf2-GFP_GFP_timelapse_06_R3D_D3D
716,716,31_8,12,12872.5,Expt2020_017_setIII_STLC_GM132_RO3306_mKate2-Astrin_Nuf2-GFP_GFP_timelapse_06_R3D_D3D_Z1_C0_T11.tif,6574.713301115393,5121.7275,3853.5,Expt2020_017_setIII_STLC_GM132_RO3306_mKate2-Astrin_Nuf2-GFP_GFP_timelapse_06_R3D_D3D_Z1_C1_T11.tif,4814.199371103879,4602.02,0.8004446228649659,1.9578800489773744,0.408832309866505,cdki,set3_timelapse_cdki_cell_4,Expt2020_017_setIII_STLC_GM132_RO3306_mKate2-Astrin_Nuf2-GFP_GFP_timelapse_06_R3D_D3D
717,717,31_9,62,15321.387096774191,Expt2020_017_setIII_STLC_GM132_RO3306_mKate2-Astrin_Nuf2-GFP_GFP_timelapse_06_R3D_D3D_Z1_C0_T11.tif,6574.713301115393,5121.7275,4786.645161290323,Expt2020_017_setIII_STLC_GM132_RO3306_mKate2-Astrin_Nuf2-GFP_GFP_timelapse_06_R3D_D3D_Z1_C1_T11.tif,4814.199371103879,4602.02,0.9942764709789662,2.3303506016262236,0.4266638978208323,cdki,set3_timelapse_cdki_cell_4,Expt2020_017_setIII_STLC_GM132_RO3306_mKate2-Astrin_Nuf2-GFP_GFP_timelapse_06_R3D_D3D
718,718,31_10,30,13770.766666666665,Expt2020_017_setIII_STLC_GM132_RO3306_mKate2-Astrin_Nuf2-GFP_GFP_timelapse_06_R3D_D3D_Z1_C0_T11.tif,6574.713301115393,5121.7275,4695.766666666666,Expt2020_017_setIII_STLC_GM132_RO3306_mKate2-Astrin_Nuf2-GFP_GFP_timelapse_06_R3D_D3D_Z1_C1_T11.tif,4814.199371103879,4602.02,0.975399293774978,2.094504510840111,0.4656945300078361,cdki,set3_timelapse_cdki_cell_4,Expt2020_017_setIII_STLC_GM132_RO3306_mKate2-Astrin_Nuf2-GFP_GFP_timelapse_06_R3D_D3D
719,719,31_11,34,14284.029411764706,Expt2020_017_setIII_STLC_GM132_RO3306_mKate2-Astrin_Nuf2-GFP_GFP_timelapse_06_R3D_D3D_Z1_C0_T11.tif,6574.713301115393,5121.7275,5592.852941176469,Expt2020_017_setIII_STLC_GM132_RO3306_mKate2-Astrin_Nuf2-GFP_GFP_timelapse_06_R3D_D3D_Z1_C1_T11.tif,4814.199371103879,4602.02,1.1617410310728467,2.1725706897883192,0.5347310614717162,cdki,set3_timelapse_cdki_cell_4,Expt2020_017_setIII_STLC_GM132_RO3306_mKate2-Astrin_Nuf2-GFP_GFP_timelapse_06_R3D_D3D
720,720,31_12,60,15930.2,Expt2020_017_setIII_STLC_GM132_RO3306_mKate2-Astrin_Nuf2-GFP_GFP_timelapse_06_R3D_D3D_Z1_C0_T11.tif,6574.713301115393,5121.7275,7036.383333333332,Expt2020_017_setIII_STLC_GM132_RO3306_mKate2-Astrin_Nuf2-GFP_GFP_timelapse_06_R3D_D3D_Z1_C1_T11.tif,4814.199371103879,4602.02,1.4615895169542834,2.422949757717566,0.6032273316022492,cdki,set3_timelapse_cdki_cell_4,Expt2020_017_setIII_STLC_GM132_RO3306_mKate2-Astrin_Nuf2-GFP_GFP_timelapse_06_R3D_D3D
722,722,31_14,58,16075.224137931034,Expt2020_017_setIII_STLC_GM132_RO3306_mKate2-Astrin_Nuf2-GFP_GFP_timelapse_06_R3D_D3D_Z1_C0_T11.tif,6574.713301115393,5121.7275,5485.879310344828,Expt2020_017_setIII_STLC_GM132_RO3306_mKate2-Astrin_Nuf2-GFP_GFP_timelapse_06_R3D_D3D_Z1_C1_T11.tif,4814.199371103879,4602.02,1.1395205905415038,2.445007622644761,0.4660601382129378,cdki,set3_timelapse_cdki_cell_4,Expt2020_017_setIII_STLC_GM132_RO3306_mKate2-Astrin_Nuf2-GFP_GFP_timelapse_06_R3D_D3D
723,723,31_15,16,13717.5625,Expt2020_017_setIII_STLC_GM132_RO3306_mKate2-Astrin_Nuf2-GFP_GFP_timelapse_06_R3D_D3D_Z1_C0_T11.tif,6574.713301115393,5121.7275,6494.0625,Expt2020_017_setIII_STLC_GM132_RO3306_mKate2-Astrin_Nuf2-GFP_GFP_timelapse_06_R3D_D3D_Z1_C1_T11.tif,4814.199371103879,4602.02,1.3489392522833832,2.086412269516426,0.6465353334008291,cdki,set3_timelapse_cdki_cell_4,Expt2020_017_setIII_STLC_GM132_RO3306_mKate2-Astrin_Nuf2-GFP_GFP_timelapse_06_R3D_D3D
724,724,31_16,41,15266.390243902439,Expt2020_017_setIII_STLC_GM132_RO3306_mKate2-Astrin_Nuf2-GFP_GFP_timelapse_06_R3D_D3D_Z1_C0_T11.tif,6574.713301115393,5121.7275,6248.560975609757,Expt2020_017_setIII_STLC_GM132_RO3306_mKate2-Astrin_Nuf2-GFP_GFP_timelapse_06_R3D_D3D_Z1_C1_T11.tif,4814.199371103879,4602.02,1.2979439557728547,2.3219856965188903,0.5589801684475172,cdki,set3_timelapse_cdki_cell_4,Expt2020_017_setIII_STLC_GM132_RO3306_mKate2-Astrin_Nuf2-GFP_GFP_timelapse_06_R3D_D3D
725,725,31_17,53,15117.226415094341,Expt2020_017_setIII_STLC_GM132_RO3306_mKate2-Astrin_Nuf2-GFP_GFP_timelapse_06_R3D_D3D_Z1_C0_T11.tif,6574.713301115393,5121.7275,6274.509433962265,Expt2020_017_setIII_STLC_GM132_RO3306_mKate2-Astrin_Nuf2-GFP_GFP_timelapse_06_R3D_D3D_Z1_C1_T11.tif,4814.199371103879,4602.02,1.3033339399326833,2.299298193356921,0.5668398921454579,cdki,set3_timelapse_cdki_cell_4,Expt2020_017_setIII_STLC_GM132_RO3306_mKate2-Astrin_Nuf2-GFP_GFP_timelapse_06_R3D_D3D
726,726,31_18,64,15493.359375,Expt2020_017_setIII_STLC_GM132_RO3306_mKate2-Astrin_Nuf2-GFP_GFP_timelapse_06_R3D_D3D_Z1_C0_T11.tif,6574.713301115393,5121.7275,4939.921875,Expt2020_017_setIII_STLC_GM132_RO3306_mKate2-Astrin_Nuf2-GFP_GFP_timelapse_06_R3D_D3D_Z1_C1_T11.tif,4814.199371103879,4602.02,1.026114935050414,2.3565072217478393,0.4354389095779374,cdki,set3_timelapse_cdki_cell_4,Expt2020_017_setIII_STLC_GM132_RO3306_mKate2-Astrin_Nuf2-GFP_GFP_timelapse_06_R3D_D3D
727,727,31_19,32,15419.625,Expt2020_017_setIII_STLC_GM132_RO3306_mKate2-Astrin_Nuf2-GFP_GFP_timelapse_06_R3D_D3D_Z1_C0_T11.tif,6574.713301115393,5121.7275,5600.1875,Expt2020_017_setIII_STLC_GM132_RO3306_mKate2-Astrin_Nuf2-GFP_GFP_timelapse_06_R3D_D3D_Z1_C1_T11.tif,4814.199371103879,4602.02,1.1632645572623839,2.3452923791192655,0.49599980267672555,cdki,set3_timelapse_cdki_cell_4,Expt2020_017_setIII_STLC_GM132_RO3306_mKate2-Astrin_Nuf2-GFP_GFP_timelapse_06_R3D_D3D
728,728,31_20,8,13733.625,Expt2020_017_setIII_STLC_GM132_RO3306_mKate2-Astrin_Nuf2-GFP_GFP_timelapse_06_R3D_D3D_Z1_C0_T11.tif,6574.713301115393,5121.7275,6506.0,Expt2020_017_setIII_STLC_GM132_RO3306_mKate2-Astrin_Nuf2-GFP_GFP_timelapse_06_R3D_D3D_Z1_C1_T11.tif,4814.199371103879,4602.02,1.3514188961617926,2.088855341824579,0.6469662446712808,cdki,set3_timelapse_cdki_cell_4,Expt2020_017_setIII_STLC_GM132_RO3306_mKate2-Astrin_Nuf2-GFP_GFP_timelapse_06_R3D_D3D
729,729,31_21,21,12894.714285714286,Expt2020_017_setIII_STLC_GM132_RO3306_mKate2-Astrin_Nuf2-GFP_GFP_timelapse_06_R3D_D3D_Z1_C0_T11.tif,6574.713301115393,5121.7275,4523.190476190476,Expt2020_017_setIII_STLC_GM132_RO3306_mKate2-Astrin_Nuf2-GFP_GFP_timelapse_06_R3D_D3D_Z1_C1_T11.tif,4814.199371103879,4602.02,0.9395519644117533,1.9612587948932636,0.4790555773966005,cdki,set3_timelapse_cdki_cell_4,Expt2020_017_setIII_STLC_GM132_RO3306_mKate2-Astrin_Nuf2-GFP_GFP_timelapse_06_R3D_D3D
730,730,31_22,16,14370.6875,Expt2020_017_setIII_STLC_GM132_RO3306_mKate2-Astrin_Nuf2-GFP_GFP_timelapse_06_R3D_D3D_Z1_C0_T11.tif,6574.713301115393,5121.7275,5801.9375,Expt2020_017_setIII_STLC_GM132_RO3306_mKate2-Astrin_Nuf2-GFP_GFP_timelapse_06_R3D_D3D_Z1_C1_T11.tif,4814.199371103879,4602.02,1.2051718370503706,2.1857512018907395,0.5513764951874949,cdki,set3_timelapse_cdki_cell_4,Expt2020_017_setIII_STLC_GM132_RO3306_mKate2-Astrin_Nuf2-GFP_GFP_timelapse_06_R3D_D3D
731,731,31_23,139,15114.302158273382,Expt2020_017_setIII_STLC_GM132_RO3306_mKate2-Astrin_Nuf2-GFP_GFP_timelapse_06_R3D_D3D_Z1_C0_T11.tif,6574.713301115393,5121.7275,5301.402877697842,Expt2020_017_setIII_STLC_GM132_RO3306_mKate2-Astrin_Nuf2-GFP_GFP_timelapse_06_R3D_D3D_Z1_C1_T11.tif,4814.199371103879,4602.02,1.101201356453638,2.2988534200737325,0.47902199715644267,cdki,set3_timelapse_cdki_cell_4,Expt2020_017_setIII_STLC_GM132_RO3306_mKate2-Astrin_Nuf2-GFP_GFP_timelapse_06_R3D_D3D
733,733,31_25,29,13865.310344827589,Expt2020_017_setIII_STLC_GM132_RO3306_mKate2-Astrin_Nuf2-GFP_GFP_timelapse_06_R3D_D3D_Z1_C0_T11.tif,6574.713301115393,5121.7275,5752.379310344828,Expt2020_017_setIII_STLC_GM132_RO3306_mKate2-Astrin_Nuf2-GFP_GFP_timelapse_06_R3D_D3D_Z1_C1_T11.tif,4814.199371103879,4602.02,1.194877666444842,2.1088844045070916,0.5665923005979647,cdki,set3_timelapse_cdki_cell_4,Expt2020_017_setIII_STLC_GM132_RO3306_mKate2-Astrin_Nuf2-GFP_GFP_timelapse_06_R3D_D3D
735,735,32_1,24,11953.0,Expt2020_017_setIII_STLC_GM132_RO3306_mKate2-Astrin_Nuf2-GFP_GFP_timelapse_06_R3D_D3D_Z1_C0_T12.tif,6434.20982171182,5147.2975,4543.083333333333,Expt2020_017_setIII_STLC_GM132_RO3306_mKate2-Astrin_Nuf2-GFP_GFP_timelapse_06_R3D_D3D_Z1_C1_T12.tif,4704.556207792209,4549.175,0.9656773418518358,1.8577261748078815,0.5198168357356014,cdki,set3_timelapse_cdki_cell_4,Expt2020_017_setIII_STLC_GM132_RO3306_mKate2-Astrin_Nuf2-GFP_GFP_timelapse_06_R3D_D3D
736,736,32_2,12,13512.416666666664,Expt2020_017_setIII_STLC_GM132_RO3306_mKate2-Astrin_Nuf2-GFP_GFP_timelapse_06_R3D_D3D_Z1_C0_T12.tif,6434.20982171182,5147.2975,3481.5,Expt2020_017_setIII_STLC_GM132_RO3306_mKate2-Astrin_Nuf2-GFP_GFP_timelapse_06_R3D_D3D_Z1_C1_T12.tif,4704.556207792209,4549.175,0.7400272940162885,2.1000895278655505,0.35237892680147953,cdki,set3_timelapse_cdki_cell_4,Expt2020_017_setIII_STLC_GM132_RO3306_mKate2-Astrin_Nuf2-GFP_GFP_timelapse_06_R3D_D3D
737,737,32_3,43,14039.93023255814,Expt2020_017_setIII_STLC_GM132_RO3306_mKate2-Astrin_Nuf2-GFP_GFP_timelapse_06_R3D_D3D_Z1_C0_T12.tif,6434.20982171182,5147.2975,5063.13953488372,Expt2020_017_setIII_STLC_GM132_RO3306_mKate2-Astrin_Nuf2-GFP_GFP_timelapse_06_R3D_D3D_Z1_C1_T12.tif,4704.556207792209,4549.175,1.07622043637136,2.1820752853258396,0.4932095806266614,cdki,set3_timelapse_cdki_cell_4,Expt2020_017_setIII_STLC_GM132_RO3306_mKate2-Astrin_Nuf2-GFP_GFP_timelapse_06_R3D_D3D
738,738,32_4,16,12047.375,Expt2020_017_setIII_STLC_GM132_RO3306_mKate2-Astrin_Nuf2-GFP_GFP_timelapse_06_R3D_D3D_Z1_C0_T12.tif,6434.20982171182,5147.2975,3516.0,Expt2020_017_setIII_STLC_GM132_RO3306_mKate2-Astrin_Nuf2-GFP_GFP_timelapse_06_R3D_D3D_Z1_C1_T12.tif,4704.556207792209,4549.175,0.7473606105877554,1.8723938655756798,0.399147115533822,cdki,set3_timelapse_cdki_cell_4,Expt2020_017_setIII_STLC_GM132_RO3306_mKate2-Astrin_Nuf2-GFP_GFP_timelapse_06_R3D_D3D
739,739,32_5,32,12674.21875,Expt2020_017_setIII_STLC_GM132_RO3306_mKate2-Astrin_Nuf2-GFP_GFP_timelapse_06_R3D_D3D_Z1_C0_T12.tif,6434.20982171182,5147.2975,4236.15625,Expt2020_017_setIII_STLC_GM132_RO3306_mKate2-Astrin_Nuf2-GFP_GFP_timelapse_06_R3D_D3D_Z1_C1_T12.tif,4704.556207792209,4549.175,0.9004369515202321,1.9698174447515961,0.4571169546291543,cdki,set3_timelapse_cdki_cell_4,Expt2020_017_setIII_STLC_GM132_RO3306_mKate2-Astrin_Nuf2-GFP_GFP_timelapse_06_R3D_D3D
740,740,32_6,21,11907.52380952381,Expt2020_017_setIII_STLC_GM132_RO3306_mKate2-Astrin_Nuf2-GFP_GFP_timelapse_06_R3D_D3D_Z1_C0_T12.tif,6434.20982171182,5147.2975,3710.142857142857,Expt2020_017_setIII_STLC_GM132_RO3306_mKate2-Astrin_Nuf2-GFP_GFP_timelapse_06_R3D_D3D_Z1_C1_T12.tif,4704.556207792209,4549.175,0.7886275970085566,1.8506582998494467,0.42613355316468327,cdki,set3_timelapse_cdki_cell_4,Expt2020_017_setIII_STLC_GM132_RO3306_mKate2-Astrin_Nuf2-GFP_GFP_timelapse_06_R3D_D3D
741,741,32_7,21,12618.047619047617,Expt2020_017_setIII_STLC_GM132_RO3306_mKate2-Astrin_Nuf2-GFP_GFP_timelapse_06_R3D_D3D_Z1_C0_T12.tif,6434.20982171182,5147.2975,3971.047619047619,Expt2020_017_setIII_STLC_GM132_RO3306_mKate2-Astrin_Nuf2-GFP_GFP_timelapse_06_R3D_D3D_Z1_C1_T12.tif,4704.556207792209,4549.175,0.8440854872708989,1.9610873702733225,0.4304170737447849,cdki,set3_timelapse_cdki_cell_4,Expt2020_017_setIII_STLC_GM132_RO3306_mKate2-Astrin_Nuf2-GFP_GFP_timelapse_06_R3D_D3D
742,742,32_8,81,14623.654320987656,Expt2020_017_setIII_STLC_GM132_RO3306_mKate2-Astrin_Nuf2-GFP_GFP_timelapse_06_R3D_D3D_Z1_C0_T12.tif,6434.20982171182,5147.2975,5015.530864197531,Expt2020_017_setIII_STLC_GM132_RO3306_mKate2-Astrin_Nuf2-GFP_GFP_timelapse_06_R3D_D3D_Z1_C1_T12.tif,4704.556207792209,4549.175,1.066100742061547,2.2727972394747047,0.46906988601761374,cdki,set3_timelapse_cdki_cell_4,Expt2020_017_setIII_STLC_GM132_RO3306_mKate2-Astrin_Nuf2-GFP_GFP_timelapse_06_R3D_D3D
743,743,32_9,24,12795.041666666664,Expt2020_017_setIII_STLC_GM132_RO3306_mKate2-Astrin_Nuf2-GFP_GFP_timelapse_06_R3D_D3D_Z1_C0_T12.tif,6434.20982171182,5147.2975,4457.666666666667,Expt2020_017_setIII_STLC_GM132_RO3306_mKate2-Astrin_Nuf2-GFP_GFP_timelapse_06_R3D_D3D_Z1_C1_T12.tif,4704.556207792209,4549.175,0.9475211836736873,1.9885956506252926,0.4764775500618989,cdki,set3_timelapse_cdki_cell_4,Expt2020_017_setIII_STLC_GM132_RO3306_mKate2-Astrin_Nuf2-GFP_GFP_timelapse_06_R3D_D3D
744,744,32_10,30,13707.4,Expt2020_017_setIII_STLC_GM132_RO3306_mKate2-Astrin_Nuf2-GFP_GFP_timelapse_06_R3D_D3D_Z1_C0_T12.tif,6434.20982171182,5147.2975,5098.566666666667,Expt2020_017_setIII_STLC_GM132_RO3306_mKate2-Astrin_Nuf2-GFP_GFP_timelapse_06_R3D_D3D_Z1_C1_T12.tif,4704.556207792209,4549.175,1.0837508239824734,2.1303936893300053,0.508709178688614,cdki,set3_timelapse_cdki_cell_4,Expt2020_017_setIII_STLC_GM132_RO3306_mKate2-Astrin_Nuf2-GFP_GFP_timelapse_06_R3D_D3D
745,745,32_11,8,12557.125,Expt2020_017_setIII_STLC_GM132_RO3306_mKate2-Astrin_Nuf2-GFP_GFP_timelapse_06_R3D_D3D_Z1_C0_T12.tif,6434.20982171182,5147.2975,5664.75,Expt2020_017_setIII_STLC_GM132_RO3306_mKate2-Astrin_Nuf2-GFP_GFP_timelapse_06_R3D_D3D_Z1_C1_T12.tif,4704.556207792209,4549.175,1.204098697049769,1.9516188231267815,0.6169743203852815,cdki,set3_timelapse_cdki_cell_4,Expt2020_017_setIII_STLC_GM132_RO3306_mKate2-Astrin_Nuf2-GFP_GFP_timelapse_06_R3D_D3D
746,746,32_12,67,15423.104477611942,Expt2020_017_setIII_STLC_GM132_RO3306_mKate2-Astrin_Nuf2-GFP_GFP_timelapse_06_R3D_D3D_Z1_C0_T12.tif,6434.20982171182,5147.2975,6682.447761194029,Expt2020_017_setIII_STLC_GM132_RO3306_mKate2-Astrin_Nuf2-GFP_GFP_timelapse_06_R3D_D3D_Z1_C1_T12.tif,4704.556207792209,4549.175,1.4204204320326361,2.397047175174127,0.5925709125559674,cdki,set3_timelapse_cdki_cell_4,Expt2020_017_setIII_STLC_GM132_RO3306_mKate2-Astrin_Nuf2-GFP_GFP_timelapse_06_R3D_D3D
748,748,32_14,56,15765.571428571431,Expt2020_017_setIII_STLC_GM132_RO3306_mKate2-Astrin_Nuf2-GFP_GFP_timelapse_06_R3D_D3D_Z1_C0_T12.tif,6434.20982171182,5147.2975,5807.357142857143,Expt2020_017_setIII_STLC_GM132_RO3306_mKate2-Astrin_Nuf2-GFP_GFP_timelapse_06_R3D_D3D_Z1_C1_T12.tif,4704.556207792209,4549.175,1.234411257163503,2.450273128391235,0.5037851669923732,cdki,set3_timelapse_cdki_cell_4,Expt2020_017_setIII_STLC_GM132_RO3306_mKate2-Astrin_Nuf2-GFP_GFP_timelapse_06_R3D_D3D
749,749,32_15,32,13649.75,Expt2020_017_setIII_STLC_GM132_RO3306_mKate2-Astrin_Nuf2-GFP_GFP_timelapse_06_R3D_D3D_Z1_C0_T12.tif,6434.20982171182,5147.2975,6267.03125,Expt2020_017_setIII_STLC_GM132_RO3306_mKate2-Astrin_Nuf2-GFP_GFP_timelapse_06_R3D_D3D_Z1_C1_T12.tif,4704.556207792209,4549.175,1.3321195396964005,2.1214337701484047,0.6279335977588459,cdki,set3_timelapse_cdki_cell_4,Expt2020_017_setIII_STLC_GM132_RO3306_mKate2-Astrin_Nuf2-GFP_GFP_timelapse_06_R3D_D3D
750,750,32_16,12,12318.583333333336,Expt2020_017_setIII_STLC_GM132_RO3306_mKate2-Astrin_Nuf2-GFP_GFP_timelapse_06_R3D_D3D_Z1_C0_T12.tif,6434.20982171182,5147.2975,5214.75,Expt2020_017_setIII_STLC_GM132_RO3306_mKate2-Astrin_Nuf2-GFP_GFP_timelapse_06_R3D_D3D_Z1_C1_T12.tif,4704.556207792209,4549.175,1.108446741769766,1.9145448586033178,0.5789609665131538,cdki,set3_timelapse_cdki_cell_4,Expt2020_017_setIII_STLC_GM132_RO3306_mKate2-Astrin_Nuf2-GFP_GFP_timelapse_06_R3D_D3D
751,751,32_17,56,14736.857142857143,Expt2020_017_setIII_STLC_GM132_RO3306_mKate2-Astrin_Nuf2-GFP_GFP_timelapse_06_R3D_D3D_Z1_C0_T12.tif,6434.20982171182,5147.2975,5562.660714285716,Expt2020_017_setIII_STLC_GM132_RO3306_mKate2-Astrin_Nuf2-GFP_GFP_timelapse_06_R3D_D3D_Z1_C1_T12.tif,4704.556207792209,4549.175,1.1823986086237463,2.2903911360068774,0.516243094917477,cdki,set3_timelapse_cdki_cell_4,Expt2020_017_setIII_STLC_GM132_RO3306_mKate2-Astrin_Nuf2-GFP_GFP_timelapse_06_R3D_D3D
752,752,32_18,51,12722.039215686274,Expt2020_017_setIII_STLC_GM132_RO3306_mKate2-Astrin_Nuf2-GFP_GFP_timelapse_06_R3D_D3D_Z1_C0_T12.tif,6434.20982171182,5147.2975,5730.7058823529405,Expt2020_017_setIII_STLC_GM132_RO3306_mKate2-Astrin_Nuf2-GFP_GFP_timelapse_06_R3D_D3D_Z1_C1_T12.tif,4704.556207792209,4549.175,1.2181182728481612,1.9772496651813538,0.6160670017038213,cdki,set3_timelapse_cdki_cell_4,Expt2020_017_setIII_STLC_GM132_RO3306_mKate2-Astrin_Nuf2-GFP_GFP_timelapse_06_R3D_D3D
753,753,32_19,76,13691.039473684208,Expt2020_017_setIII_STLC_GM132_RO3306_mKate2-Astrin_Nuf2-GFP_GFP_timelapse_06_R3D_D3D_Z1_C0_T12.tif,6434.20982171182,5147.2975,5144.934210526316,Expt2020_017_setIII_STLC_GM132_RO3306_mKate2-Astrin_Nuf2-GFP_GFP_timelapse_06_R3D_D3D_Z1_C1_T12.tif,4704.556207792209,4549.175,1.0936067044973774,2.1278509487652535,0.5139489235051797,cdki,set3_timelapse_cdki_cell_4,Expt2020_017_setIII_STLC_GM132_RO3306_mKate2-Astrin_Nuf2-GFP_GFP_timelapse_06_R3D_D3D
754,754,32_20,36,13914.222222222224,Expt2020_017_setIII_STLC_GM132_RO3306_mKate2-Astrin_Nuf2-GFP_GFP_timelapse_06_R3D_D3D_Z1_C0_T12.tif,6434.20982171182,5147.2975,5711.25,Expt2020_017_setIII_STLC_GM132_RO3306_mKate2-Astrin_Nuf2-GFP_GFP_timelapse_06_R3D_D3D_Z1_C1_T12.tif,4704.556207792209,4549.175,1.2139827324287025,2.1625378419071124,0.5613694747455183,cdki,set3_timelapse_cdki_cell_4,Expt2020_017_setIII_STLC_GM132_RO3306_mKate2-Astrin_Nuf2-GFP_GFP_timelapse_06_R3D_D3D
755,755,32_21,21,12457.190476190475,Expt2020_017_setIII_STLC_GM132_RO3306_mKate2-Astrin_Nuf2-GFP_GFP_timelapse_06_R3D_D3D_Z1_C0_T12.tif,6434.20982171182,5147.2975,6330.047619047618,Expt2020_017_setIII_STLC_GM132_RO3306_mKate2-Astrin_Nuf2-GFP_GFP_timelapse_06_R3D_D3D_Z1_C1_T12.tif,4704.556207792209,4549.175,1.3455142928387358,1.936087075394169,0.6949657946375174,cdki,set3_timelapse_cdki_cell_4,Expt2020_017_setIII_STLC_GM132_RO3306_mKate2-Astrin_Nuf2-GFP_GFP_timelapse_06_R3D_D3D
756,756,32_22,38,12841.947368421052,Expt2020_017_setIII_STLC_GM132_RO3306_mKate2-Astrin_Nuf2-GFP_GFP_timelapse_06_R3D_D3D_Z1_C0_T12.tif,6434.20982171182,5147.2975,6219.815789473684,Expt2020_017_setIII_STLC_GM132_RO3306_mKate2-Astrin_Nuf2-GFP_GFP_timelapse_06_R3D_D3D_Z1_C1_T12.tif,4704.556207792209,4549.175,1.322083426099094,1.9958856991400467,0.6624043785015999,cdki,set3_timelapse_cdki_cell_4,Expt2020_017_setIII_STLC_GM132_RO3306_mKate2-Astrin_Nuf2-GFP_GFP_timelapse_06_R3D_D3D
757,757,32_23,126,14845.253968253966,Expt2020_017_setIII_STLC_GM132_RO3306_mKate2-Astrin_Nuf2-GFP_GFP_timelapse_06_R3D_D3D_Z1_C0_T12.tif,6434.20982171182,5147.2975,5185.68253968254,Expt2020_017_setIII_STLC_GM132_RO3306_mKate2-Astrin_Nuf2-GFP_GFP_timelapse_06_R3D_D3D_Z1_C1_T12.tif,4704.556207792209,4549.175,1.1022681652933461,2.307238088220193,0.47774357181474825,cdki,set3_timelapse_cdki_cell_4,Expt2020_017_setIII_STLC_GM132_RO3306_mKate2-Astrin_Nuf2-GFP_GFP_timelapse_06_R3D_D3D
758,758,32_24,12,12154.833333333336,Expt2020_017_setIII_STLC_GM132_RO3306_mKate2-Astrin_Nuf2-GFP_GFP_timelapse_06_R3D_D3D_Z1_C0_T12.tif,6434.20982171182,5147.2975,5949.083333333332,Expt2020_017_setIII_STLC_GM132_RO3306_mKate2-Astrin_Nuf2-GFP_GFP_timelapse_06_R3D_D3D_Z1_C1_T12.tif,4704.556207792209,4549.175,1.2645365621266889,1.8890949580658134,0.6693875057617057,cdki,set3_timelapse_cdki_cell_4,Expt2020_017_setIII_STLC_GM132_RO3306_mKate2-Astrin_Nuf2-GFP_GFP_timelapse_06_R3D_D3D
759,759,32_25,38,13489.684210526317,Expt2020_017_setIII_STLC_GM132_RO3306_mKate2-Astrin_Nuf2-GFP_GFP_timelapse_06_R3D_D3D_Z1_C0_T12.tif,6434.20982171182,5147.2975,5335.684210526316,Expt2020_017_setIII_STLC_GM132_RO3306_mKate2-Astrin_Nuf2-GFP_GFP_timelapse_06_R3D_D3D_Z1_C1_T12.tif,4704.556207792209,4549.175,1.1341525055410673,2.096556466810619,0.5409596753033767,cdki,set3_timelapse_cdki_cell_4,Expt2020_017_setIII_STLC_GM132_RO3306_mKate2-Astrin_Nuf2-GFP_GFP_timelapse_06_R3D_D3D
762,762,33_1,20,14825.75,Expt2020_017_setIII_STLC_GM132_RO3306_mKate2-Astrin_Nuf2-GFP_GFP_timelapse_06_R3D_D3D_Z1_C0_T13.tif,6551.755762587669,5033.2675,4820.25,Expt2020_017_setIII_STLC_GM132_RO3306_mKate2-Astrin_Nuf2-GFP_GFP_timelapse_06_R3D_D3D_Z1_C1_T13.tif,4601.0445764338865,4516.9075,1.0476425341951396,2.262866708899486,0.4629713849582621,cdki,set3_timelapse_cdki_cell_4,Expt2020_017_setIII_STLC_GM132_RO3306_mKate2-Astrin_Nuf2-GFP_GFP_timelapse_06_R3D_D3D
763,763,33_2,42,18449.64285714286,Expt2020_017_setIII_STLC_GM132_RO3306_mKate2-Astrin_Nuf2-GFP_GFP_timelapse_06_R3D_D3D_Z1_C0_T13.tif,6551.755762587669,5033.2675,4690.809523809524,Expt2020_017_setIII_STLC_GM132_RO3306_mKate2-Astrin_Nuf2-GFP_GFP_timelapse_06_R3D_D3D_Z1_C1_T13.tif,4601.0445764338865,4516.9075,1.019509688698824,2.815984527765123,0.3620437820757301,cdki,set3_timelapse_cdki_cell_4,Expt2020_017_setIII_STLC_GM132_RO3306_mKate2-Astrin_Nuf2-GFP_GFP_timelapse_06_R3D_D3D
764,764,33_3,21,14922.0,Expt2020_017_setIII_STLC_GM132_RO3306_mKate2-Astrin_Nuf2-GFP_GFP_timelapse_06_R3D_D3D_Z1_C0_T13.tif,6551.755762587669,5033.2675,4443.476190476191,Expt2020_017_setIII_STLC_GM132_RO3306_mKate2-Astrin_Nuf2-GFP_GFP_timelapse_06_R3D_D3D_Z1_C1_T13.tif,4601.0445764338865,4516.9075,0.9657537797471587,2.277557427462228,0.4240304846333782,cdki,set3_timelapse_cdki_cell_4,Expt2020_017_setIII_STLC_GM132_RO3306_mKate2-Astrin_Nuf2-GFP_GFP_timelapse_06_R3D_D3D
765,765,33_4,30,15977.433333333332,Expt2020_017_setIII_STLC_GM132_RO3306_mKate2-Astrin_Nuf2-GFP_GFP_timelapse_06_R3D_D3D_Z1_C0_T13.tif,6551.755762587669,5033.2675,5729.266666666666,Expt2020_017_setIII_STLC_GM132_RO3306_mKate2-Astrin_Nuf2-GFP_GFP_timelapse_06_R3D_D3D_Z1_C1_T13.tif,4601.0445764338865,4516.9075,1.2452099890558388,2.4386491060257285,0.5106146620188257,cdki,set3_timelapse_cdki_cell_4,Expt2020_017_setIII_STLC_GM132_RO3306_mKate2-Astrin_Nuf2-GFP_GFP_timelapse_06_R3D_D3D
766,766,33_5,52,18570.80769230769,Expt2020_017_setIII_STLC_GM132_RO3306_mKate2-Astrin_Nuf2-GFP_GFP_timelapse_06_R3D_D3D_Z1_C0_T13.tif,6551.755762587669,5033.2675,6491.134615384615,Expt2020_017_setIII_STLC_GM132_RO3306_mKate2-Astrin_Nuf2-GFP_GFP_timelapse_06_R3D_D3D_Z1_C1_T13.tif,4601.0445764338865,4516.9075,1.4107958546264887,2.8344780186026046,0.49772686377085046,cdki,set3_timelapse_cdki_cell_4,Expt2020_017_setIII_STLC_GM132_RO3306_mKate2-Astrin_Nuf2-GFP_GFP_timelapse_06_R3D_D3D
768,768,33_7,36,17530.583333333332,Expt2020_017_setIII_STLC_GM132_RO3306_mKate2-Astrin_Nuf2-GFP_GFP_timelapse_06_R3D_D3D_Z1_C0_T13.tif,6551.755762587669,5033.2675,5491.88888888889,Expt2020_017_setIII_STLC_GM132_RO3306_mKate2-Astrin_Nuf2-GFP_GFP_timelapse_06_R3D_D3D_Z1_C1_T13.tif,4601.0445764338865,4516.9075,1.1936178399613477,2.6757076986046693,0.44609425782337764,cdki,set3_timelapse_cdki_cell_4,Expt2020_017_setIII_STLC_GM132_RO3306_mKate2-Astrin_Nuf2-GFP_GFP_timelapse_06_R3D_D3D
769,769,33_8,30,15040.9,Expt2020_017_setIII_STLC_GM132_RO3306_mKate2-Astrin_Nuf2-GFP_GFP_timelapse_06_R3D_D3D_Z1_C0_T13.tif,6551.755762587669,5033.2675,6586.233333333334,Expt2020_017_setIII_STLC_GM132_RO3306_mKate2-Astrin_Nuf2-GFP_GFP_timelapse_06_R3D_D3D_Z1_C1_T13.tif,4601.0445764338865,4516.9075,1.431464795422195,2.295705234601034,0.6235403281950378,cdki,set3_timelapse_cdki_cell_4,Expt2020_017_setIII_STLC_GM132_RO3306_mKate2-Astrin_Nuf2-GFP_GFP_timelapse_06_R3D_D3D
770,770,33_9,41,17023.19512195122,Expt2020_017_setIII_STLC_GM132_RO3306_mKate2-Astrin_Nuf2-GFP_GFP_timelapse_06_R3D_D3D_Z1_C0_T13.tif,6551.755762587669,5033.2675,5403.560975609757,Expt2020_017_setIII_STLC_GM132_RO3306_mKate2-Astrin_Nuf2-GFP_GFP_timelapse_06_R3D_D3D_Z1_C1_T13.tif,4601.0445764338865,4516.9075,1.1744204790551875,2.5982646085738352,0.4520018766294233,cdki,set3_timelapse_cdki_cell_4,Expt2020_017_setIII_STLC_GM132_RO3306_mKate2-Astrin_Nuf2-GFP_GFP_timelapse_06_R3D_D3D
771,771,33_10,26,16187.46153846154,Expt2020_017_setIII_STLC_GM132_RO3306_mKate2-Astrin_Nuf2-GFP_GFP_timelapse_06_R3D_D3D_Z1_C0_T13.tif,6551.755762587669,5033.2675,5374.23076923077,Expt2020_017_setIII_STLC_GM132_RO3306_mKate2-Astrin_Nuf2-GFP_GFP_timelapse_06_R3D_D3D_Z1_C1_T13.tif,4601.0445764338865,4516.9075,1.1680457948086551,2.4707058878623664,0.4727579274193734,cdki,set3_timelapse_cdki_cell_4,Expt2020_017_setIII_STLC_GM132_RO3306_mKate2-Astrin_Nuf2-GFP_GFP_timelapse_06_R3D_D3D
772,772,33_11,8,15514.0,Expt2020_017_setIII_STLC_GM132_RO3306_mKate2-Astrin_Nuf2-GFP_GFP_timelapse_06_R3D_D3D_Z1_C0_T13.tif,6551.755762587669,5033.2675,5543.375,Expt2020_017_setIII_STLC_GM132_RO3306_mKate2-Astrin_Nuf2-GFP_GFP_timelapse_06_R3D_D3D_Z1_C1_T13.tif,4601.0445764338865,4516.9075,1.2048079317450304,2.367914886050731,0.508805421530349,cdki,set3_timelapse_cdki_cell_4,Expt2020_017_setIII_STLC_GM132_RO3306_mKate2-Astrin_Nuf2-GFP_GFP_timelapse_06_R3D_D3D
773,773,33_12,30,14788.733333333335,Expt2020_017_setIII_STLC_GM132_RO3306_mKate2-Astrin_Nuf2-GFP_GFP_timelapse_06_R3D_D3D_Z1_C0_T13.tif,6551.755762587669,5033.2675,4407.233333333334,Expt2020_017_setIII_STLC_GM132_RO3306_mKate2-Astrin_Nuf2-GFP_GFP_timelapse_06_R3D_D3D_Z1_C1_T13.tif,4601.0445764338865,4516.9075,0.9578766865043569,2.2572168238903347,0.42436184081485234,cdki,set3_timelapse_cdki_cell_4,Expt2020_017_setIII_STLC_GM132_RO3306_mKate2-Astrin_Nuf2-GFP_GFP_timelapse_06_R3D_D3D
774,774,33_13,26,16227.653846153846,Expt2020_017_setIII_STLC_GM132_RO3306_mKate2-Astrin_Nuf2-GFP_GFP_timelapse_06_R3D_D3D_Z1_C0_T13.tif,6551.755762587669,5033.2675,6330.923076923077,Expt2020_017_setIII_STLC_GM132_RO3306_mKate2-Astrin_Nuf2-GFP_GFP_timelapse_06_R3D_D3D_Z1_C1_T13.tif,4601.0445764338865,4516.9075,1.3759751664544753,2.4768404736358187,0.5555364510152103,cdki,set3_timelapse_cdki_cell_4,Expt2020_017_setIII_STLC_GM132_RO3306_mKate2-Astrin_Nuf2-GFP_GFP_timelapse_06_R3D_D3D
775,775,33_14,26,15090.0,Expt2020_017_setIII_STLC_GM132_RO3306_mKate2-Astrin_Nuf2-GFP_GFP_timelapse_06_R3D_D3D_Z1_C0_T13.tif,6551.755762587669,5033.2675,5756.653846153847,Expt2020_017_setIII_STLC_GM132_RO3306_mKate2-Astrin_Nuf2-GFP_GFP_timelapse_06_R3D_D3D_Z1_C1_T13.tif,4601.0445764338865,4516.9075,1.2511623720489216,2.30319940895356,0.5432279841619866,cdki,set3_timelapse_cdki_cell_4,Expt2020_017_setIII_STLC_GM132_RO3306_mKate2-Astrin_Nuf2-GFP_GFP_timelapse_06_R3D_D3D
776,776,33_15,30,15421.366666666667,Expt2020_017_setIII_STLC_GM132_RO3306_mKate2-Astrin_Nuf2-GFP_GFP_timelapse_06_R3D_D3D_Z1_C0_T13.tif,6551.755762587669,5033.2675,5768.1,Expt2020_017_setIII_STLC_GM132_RO3306_mKate2-Astrin_Nuf2-GFP_GFP_timelapse_06_R3D_D3D_Z1_C1_T13.tif,4601.0445764338865,4516.9075,1.2536501014451502,2.3537761823673162,0.5326122809961856,cdki,set3_timelapse_cdki_cell_4,Expt2020_017_setIII_STLC_GM132_RO3306_mKate2-Astrin_Nuf2-GFP_GFP_timelapse_06_R3D_D3D
777,777,33_16,63,16693.571428571428,Expt2020_017_setIII_STLC_GM132_RO3306_mKate2-Astrin_Nuf2-GFP_GFP_timelapse_06_R3D_D3D_Z1_C0_T13.tif,6551.755762587669,5033.2675,4986.68253968254,Expt2020_017_setIII_STLC_GM132_RO3306_mKate2-Astrin_Nuf2-GFP_GFP_timelapse_06_R3D_D3D_Z1_C1_T13.tif,4601.0445764338865,4516.9075,1.0838153069031007,2.547953866640805,0.4253669272010765,cdki,set3_timelapse_cdki_cell_4,Expt2020_017_setIII_STLC_GM132_RO3306_mKate2-Astrin_Nuf2-GFP_GFP_timelapse_06_R3D_D3D
778,778,33_17,31,15900.290322580648,Expt2020_017_setIII_STLC_GM132_RO3306_mKate2-Astrin_Nuf2-GFP_GFP_timelapse_06_R3D_D3D_Z1_C0_T13.tif,6551.755762587669,5033.2675,5091.870967741936,Expt2020_017_setIII_STLC_GM132_RO3306_mKate2-Astrin_Nuf2-GFP_GFP_timelapse_06_R3D_D3D_Z1_C1_T13.tif,4601.0445764338865,4516.9075,1.1066771649685845,2.4268747033239073,0.4560091888768927,cdki,set3_timelapse_cdki_cell_4,Expt2020_017_setIII_STLC_GM132_RO3306_mKate2-Astrin_Nuf2-GFP_GFP_timelapse_06_R3D_D3D
781,781,34_1,37,11452.702702702705,Expt2020_017_setIII_STLC_GM132_RO3306_mKate2-Astrin_Nuf2-GFP_GFP_timelapse_06_R3D_D3D_Z1_C0_T14.tif,6387.4752746706945,5103.6375,4600.054054054054,Expt2020_017_setIII_STLC_GM132_RO3306_mKate2-Astrin_Nuf2-GFP_GFP_timelapse_06_R3D_D3D_Z1_C1_T14.tif,4466.286610984561,4449.045,1.0299504834151263,1.7929936649802762,0.5744306315920287,cdki,set3_timelapse_cdki_cell_4,Expt2020_017_setIII_STLC_GM132_RO3306_mKate2-Astrin_Nuf2-GFP_GFP_timelapse_06_R3D_D3D
782,782,34_2,61,14501.639344262296,Expt2020_017_setIII_STLC_GM132_RO3306_mKate2-Astrin_Nuf2-GFP_GFP_timelapse_06_R3D_D3D_Z1_C0_T14.tif,6387.4752746706945,5103.6375,4706.016393442624,Expt2020_017_setIII_STLC_GM132_RO3306_mKate2-Astrin_Nuf2-GFP_GFP_timelapse_06_R3D_D3D_Z1_C1_T14.tif,4466.286610984561,4449.045,1.0536754139039044,2.2703241454049974,0.46410791870248197,cdki,set3_timelapse_cdki_cell_4,Expt2020_017_setIII_STLC_GM132_RO3306_mKate2-Astrin_Nuf2-GFP_GFP_timelapse_06_R3D_D3D
783,783,34_3,32,12237.1875,Expt2020_017_setIII_STLC_GM132_RO3306_mKate2-Astrin_Nuf2-GFP_GFP_timelapse_06_R3D_D3D_Z1_C0_T14.tif,6387.4752746706945,5103.6375,4261.625,Expt2020_017_setIII_STLC_GM132_RO3306_mKate2-Astrin_Nuf2-GFP_GFP_timelapse_06_R3D_D3D_Z1_C1_T14.tif,4466.286610984561,4449.045,0.9541763373444937,1.915809764231281,0.49805380218810874,cdki,set3_timelapse_cdki_cell_4,Expt2020_017_setIII_STLC_GM132_RO3306_mKate2-Astrin_Nuf2-GFP_GFP_timelapse_06_R3D_D3D
784,784,34_4,41,15122.658536585366,Expt2020_017_setIII_STLC_GM132_RO3306_mKate2-Astrin_Nuf2-GFP_GFP_timelapse_06_R3D_D3D_Z1_C0_T14.tif,6387.4752746706945,5103.6375,5296.219512195122,Expt2020_017_setIII_STLC_GM132_RO3306_mKate2-Astrin_Nuf2-GFP_GFP_timelapse_06_R3D_D3D_Z1_C1_T14.tif,4466.286610984561,4449.045,1.1858216844322957,2.367548661449028,0.5008647567592248,cdki,set3_timelapse_cdki_cell_4,Expt2020_017_setIII_STLC_GM132_RO3306_mKate2-Astrin_Nuf2-GFP_GFP_timelapse_06_R3D_D3D
785,785,34_5,73,15577.273972602741,Expt2020_017_setIII_STLC_GM132_RO3306_mKate2-Astrin_Nuf2-GFP_GFP_timelapse_06_R3D_D3D_Z1_C0_T14.tif,6387.4752746706945,5103.6375,6059.136986301371,Expt2020_017_setIII_STLC_GM132_RO3306_mKate2-Astrin_Nuf2-GFP_GFP_timelapse_06_R3D_D3D_Z1_C1_T14.tif,4466.286610984561,4449.045,1.356638638326365,2.4387216079526546,0.5562909000774733,cdki,set3_timelapse_cdki_cell_4,Expt2020_017_setIII_STLC_GM132_RO3306_mKate2-Astrin_Nuf2-GFP_GFP_timelapse_06_R3D_D3D
787,787,34_7,52,12768.71153846154,Expt2020_017_setIII_STLC_GM132_RO3306_mKate2-Astrin_Nuf2-GFP_GFP_timelapse_06_R3D_D3D_Z1_C0_T14.tif,6387.4752746706945,5103.6375,5048.096153846154,Expt2020_017_setIII_STLC_GM132_RO3306_mKate2-Astrin_Nuf2-GFP_GFP_timelapse_06_R3D_D3D_Z1_C1_T14.tif,4466.286610984561,4449.045,1.1302669518410817,1.999023243048065,0.5654096098040744,cdki,set3_timelapse_cdki_cell_4,Expt2020_017_setIII_STLC_GM132_RO3306_mKate2-Astrin_Nuf2-GFP_GFP_timelapse_06_R3D_D3D
788,788,34_8,56,14208.178571428569,Expt2020_017_setIII_STLC_GM132_RO3306_mKate2-Astrin_Nuf2-GFP_GFP_timelapse_06_R3D_D3D_Z1_C0_T14.tif,6387.4752746706945,5103.6375,4992.142857142857,Expt2020_017_setIII_STLC_GM132_RO3306_mKate2-Astrin_Nuf2-GFP_GFP_timelapse_06_R3D_D3D_Z1_C1_T14.tif,4466.286610984561,4449.045,1.1177390284056077,2.224380989429516,0.5024944169713808,cdki,set3_timelapse_cdki_cell_4,Expt2020_017_setIII_STLC_GM132_RO3306_mKate2-Astrin_Nuf2-GFP_GFP_timelapse_06_R3D_D3D
789,789,34_9,43,14727.186046511628,Expt2020_017_setIII_STLC_GM132_RO3306_mKate2-Astrin_Nuf2-GFP_GFP_timelapse_06_R3D_D3D_Z1_C0_T14.tif,6387.4752746706945,5103.6375,5738.976744186048,Expt2020_017_setIII_STLC_GM132_RO3306_mKate2-Astrin_Nuf2-GFP_GFP_timelapse_06_R3D_D3D_Z1_C1_T14.tif,4466.286610984561,4449.045,1.2849548728179205,2.3056349204061517,0.5573106398785667,cdki,set3_timelapse_cdki_cell_4,Expt2020_017_setIII_STLC_GM132_RO3306_mKate2-Astrin_Nuf2-GFP_GFP_timelapse_06_R3D_D3D
790,790,34_10,41,12943.219512195124,Expt2020_017_setIII_STLC_GM132_RO3306_mKate2-Astrin_Nuf2-GFP_GFP_timelapse_06_R3D_D3D_Z1_C0_T14.tif,6387.4752746706945,5103.6375,5738.097560975611,Expt2020_017_setIII_STLC_GM132_RO3306_mKate2-Astrin_Nuf2-GFP_GFP_timelapse_06_R3D_D3D_Z1_C1_T14.tif,4466.286610984561,4449.045,1.2847580240065892,2.0263435795236657,0.6340277320140341,cdki,set3_timelapse_cdki_cell_4,Expt2020_017_setIII_STLC_GM132_RO3306_mKate2-Astrin_Nuf2-GFP_GFP_timelapse_06_R3D_D3D
791,791,34_11,32,12155.28125,Expt2020_017_setIII_STLC_GM132_RO3306_mKate2-Astrin_Nuf2-GFP_GFP_timelapse_06_R3D_D3D_Z1_C0_T14.tif,6387.4752746706945,5103.6375,5237.46875,Expt2020_017_setIII_STLC_GM132_RO3306_mKate2-Astrin_Nuf2-GFP_GFP_timelapse_06_R3D_D3D_Z1_C1_T14.tif,4466.286610984561,4449.045,1.172667409457952,1.9029868183132286,0.6162246622902948,cdki,set3_timelapse_cdki_cell_4,Expt2020_017_setIII_STLC_GM132_RO3306_mKate2-Astrin_Nuf2-GFP_GFP_timelapse_06_R3D_D3D
792,792,34_12,8,12164.75,Expt2020_017_setIII_STLC_GM132_RO3306_mKate2-Astrin_Nuf2-GFP_GFP_timelapse_06_R3D_D3D_Z1_C0_T14.tif,6387.4752746706945,5103.6375,5707.75,Expt2020_017_setIII_STLC_GM132_RO3306_mKate2-Astrin_Nuf2-GFP_GFP_timelapse_06_R3D_D3D_Z1_C1_T14.tif,4466.286610984561,4449.045,1.2779632157869438,1.9044692115269521,0.671033801991636,cdki,set3_timelapse_cdki_cell_4,Expt2020_017_setIII_STLC_GM132_RO3306_mKate2-Astrin_Nuf2-GFP_GFP_timelapse_06_R3D_D3D
793,793,34_13,64,14193.578125,Expt2020_017_setIII_STLC_GM132_RO3306_mKate2-Astrin_Nuf2-GFP_GFP_timelapse_06_R3D_D3D_Z1_C0_T14.tif,6387.4752746706945,5103.6375,5056.90625,Expt2020_017_setIII_STLC_GM132_RO3306_mKate2-Astrin_Nuf2-GFP_GFP_timelapse_06_R3D_D3D_Z1_C1_T14.tif,4466.286610984561,4449.045,1.1322395292686425,2.2220951964047715,0.5095369141252563,cdki,set3_timelapse_cdki_cell_4,Expt2020_017_setIII_STLC_GM132_RO3306_mKate2-Astrin_Nuf2-GFP_GFP_timelapse_06_R3D_D3D
794,794,34_14,55,12242.963636363635,Expt2020_017_setIII_STLC_GM132_RO3306_mKate2-Astrin_Nuf2-GFP_GFP_timelapse_06_R3D_D3D_Z1_C0_T14.tif,6387.4752746706945,5103.6375,4633.890909090909,Expt2020_017_setIII_STLC_GM132_RO3306_mKate2-Astrin_Nuf2-GFP_GFP_timelapse_06_R3D_D3D_Z1_C1_T14.tif,4466.286610984561,4449.045,1.0375265433468008,1.916714055225023,0.5413048130567367,cdki,set3_timelapse_cdki_cell_4,Expt2020_017_setIII_STLC_GM132_RO3306_mKate2-Astrin_Nuf2-GFP_GFP_timelapse_06_R3D_D3D
795,795,34_15,32,11978.28125,Expt2020_017_setIII_STLC_GM132_RO3306_mKate2-Astrin_Nuf2-GFP_GFP_timelapse_06_R3D_D3D_Z1_C0_T14.tif,6387.4752746706945,5103.6375,5066.9375,Expt2020_017_setIII_STLC_GM132_RO3306_mKate2-Astrin_Nuf2-GFP_GFP_timelapse_06_R3D_D3D_Z1_C1_T14.tif,4466.286610984561,4449.045,1.134485522612493,1.8752763392289669,0.6049697843886543,cdki,set3_timelapse_cdki_cell_4,Expt2020_017_setIII_STLC_GM132_RO3306_mKate2-Astrin_Nuf2-GFP_GFP_timelapse_06_R3D_D3D
796,796,34_16,67,12932.402985074626,Expt2020_017_setIII_STLC_GM132_RO3306_mKate2-Astrin_Nuf2-GFP_GFP_timelapse_06_R3D_D3D_Z1_C0_T14.tif,6387.4752746706945,5103.6375,4658.014925373134,Expt2020_017_setIII_STLC_GM132_RO3306_mKate2-Astrin_Nuf2-GFP_GFP_timelapse_06_R3D_D3D_Z1_C1_T14.tif,4466.286610984561,4449.045,1.042927902100378,2.024650183204248,0.5151151101321717,cdki,set3_timelapse_cdki_cell_4,Expt2020_017_setIII_STLC_GM132_RO3306_mKate2-Astrin_Nuf2-GFP_GFP_timelapse_06_R3D_D3D
797,797,34_17,32,12887.46875,Expt2020_017_setIII_STLC_GM132_RO3306_mKate2-Astrin_Nuf2-GFP_GFP_timelapse_06_R3D_D3D_Z1_C0_T14.tif,6387.4752746706945,5103.6375,5498.4375,Expt2020_017_setIII_STLC_GM132_RO3306_mKate2-Astrin_Nuf2-GFP_GFP_timelapse_06_R3D_D3D_Z1_C1_T14.tif,4466.286610984561,4449.045,1.231098220718063,2.0176154420675094,0.6101748604067585,cdki,set3_timelapse_cdki_cell_4,Expt2020_017_setIII_STLC_GM132_RO3306_mKate2-Astrin_Nuf2-GFP_GFP_timelapse_06_R3D_D3D
798,798,34_18,45,14723.266666666665,Expt2020_017_setIII_STLC_GM132_RO3306_mKate2-Astrin_Nuf2-GFP_GFP_timelapse_06_R3D_D3D_Z1_C0_T14.tif,6387.4752746706945,5103.6375,5727.533333333334,Expt2020_017_setIII_STLC_GM132_RO3306_mKate2-Astrin_Nuf2-GFP_GFP_timelapse_06_R3D_D3D_Z1_C1_T14.tif,4466.286610984561,4449.045,1.282392697156249,2.3050213164896705,0.556347435046376,cdki,set3_timelapse_cdki_cell_4,Expt2020_017_setIII_STLC_GM132_RO3306_mKate2-Astrin_Nuf2-GFP_GFP_timelapse_06_R3D_D3D
799,799,34_19,36,12807.055555555557,Expt2020_017_setIII_STLC_GM132_RO3306_mKate2-Astrin_Nuf2-GFP_GFP_timelapse_06_R3D_D3D_Z1_C0_T14.tif,6387.4752746706945,5103.6375,5729.305555555556,Expt2020_017_setIII_STLC_GM132_RO3306_mKate2-Astrin_Nuf2-GFP_GFP_timelapse_06_R3D_D3D_Z1_C1_T14.tif,4466.286610984561,4449.045,1.2827894970879559,2.0050262435208914,0.6397868861982253,cdki,set3_timelapse_cdki_cell_4,Expt2020_017_setIII_STLC_GM132_RO3306_mKate2-Astrin_Nuf2-GFP_GFP_timelapse_06_R3D_D3D
800,800,34_20,121,14403.280991735537,Expt2020_017_setIII_STLC_GM132_RO3306_mKate2-Astrin_Nuf2-GFP_GFP_timelapse_06_R3D_D3D_Z1_C0_T14.tif,6387.4752746706945,5103.6375,5059.785123966943,Expt2020_017_setIII_STLC_GM132_RO3306_mKate2-Astrin_Nuf2-GFP_GFP_timelapse_06_R3D_D3D_Z1_C1_T14.tif,4466.286610984561,4449.045,1.1328841081364345,2.2549255178883016,0.5024042253942652,cdki,set3_timelapse_cdki_cell_4,Expt2020_017_setIII_STLC_GM132_RO3306_mKate2-Astrin_Nuf2-GFP_GFP_timelapse_06_R3D_D3D
801,801,34_21,32,12464.15625,Expt2020_017_setIII_STLC_GM132_RO3306_mKate2-Astrin_Nuf2-GFP_GFP_timelapse_06_R3D_D3D_Z1_C0_T14.tif,6387.4752746706945,5103.6375,5413.65625,Expt2020_017_setIII_STLC_GM132_RO3306_mKate2-Astrin_Nuf2-GFP_GFP_timelapse_06_R3D_D3D_Z1_C1_T14.tif,4466.286610984561,4449.045,1.2121157286873263,1.9513431698790549,0.6211699445784586,cdki,set3_timelapse_cdki_cell_4,Expt2020_017_setIII_STLC_GM132_RO3306_mKate2-Astrin_Nuf2-GFP_GFP_timelapse_06_R3D_D3D
802,802,34_22,55,13874.872727272726,Expt2020_017_setIII_STLC_GM132_RO3306_mKate2-Astrin_Nuf2-GFP_GFP_timelapse_06_R3D_D3D_Z1_C0_T14.tif,6387.4752746706945,5103.6375,5210.909090909091,Expt2020_017_setIII_STLC_GM132_RO3306_mKate2-Astrin_Nuf2-GFP_GFP_timelapse_06_R3D_D3D_Z1_C1_T14.tif,4466.286610984561,4449.045,1.1667207111368931,2.1721998333665633,0.5371148147675999,cdki,set3_timelapse_cdki_cell_4,Expt2020_017_setIII_STLC_GM132_RO3306_mKate2-Astrin_Nuf2-GFP_GFP_timelapse_06_R3D_D3D
806,806,35_1,48,15705.145833333336,Expt2020_017_setIII_STLC_GM132_RO3306_mKate2-Astrin_Nuf2-GFP_GFP_timelapse_06_R3D_D3D_Z1_C0_T15.tif,6489.198901664666,5038.905,4775.9375,Expt2020_017_setIII_STLC_GM132_RO3306_mKate2-Astrin_Nuf2-GFP_GFP_timelapse_06_R3D_D3D_Z1_C1_T15.tif,4508.038662486938,4279.2775,1.0594269165751278,2.4201979429702045,0.43774391249789213,cdki,set3_timelapse_cdki_cell_4,Expt2020_017_setIII_STLC_GM132_RO3306_mKate2-Astrin_Nuf2-GFP_GFP_timelapse_06_R3D_D3D
807,807,35_2,26,15897.73076923077,Expt2020_017_setIII_STLC_GM132_RO3306_mKate2-Astrin_Nuf2-GFP_GFP_timelapse_06_R3D_D3D_Z1_C0_T15.tif,6489.198901664666,5038.905,4621.769230769231,Expt2020_017_setIII_STLC_GM132_RO3306_mKate2-Astrin_Nuf2-GFP_GFP_timelapse_06_R3D_D3D_Z1_C1_T15.tif,4508.038662486938,4279.2775,1.0252283923890644,2.4498757104135835,0.41848179808925373,cdki,set3_timelapse_cdki_cell_4,Expt2020_017_setIII_STLC_GM132_RO3306_mKate2-Astrin_Nuf2-GFP_GFP_timelapse_06_R3D_D3D
808,808,35_3,32,18744.59375,Expt2020_017_setIII_STLC_GM132_RO3306_mKate2-Astrin_Nuf2-GFP_GFP_timelapse_06_R3D_D3D_Z1_C0_T15.tif,6489.198901664666,5038.905,5549.4375,Expt2020_017_setIII_STLC_GM132_RO3306_mKate2-Astrin_Nuf2-GFP_GFP_timelapse_06_R3D_D3D_Z1_C1_T15.tif,4508.038662486938,4279.2775,1.2310092959448038,2.888583634752122,0.42616363297732257,cdki,set3_timelapse_cdki_cell_4,Expt2020_017_setIII_STLC_GM132_RO3306_mKate2-Astrin_Nuf2-GFP_GFP_timelapse_06_R3D_D3D
809,809,35_4,60,17090.516666666666,Expt2020_017_setIII_STLC_GM132_RO3306_mKate2-Astrin_Nuf2-GFP_GFP_timelapse_06_R3D_D3D_Z1_C0_T15.tif,6489.198901664666,5038.905,6100.6,Expt2020_017_setIII_STLC_GM132_RO3306_mKate2-Astrin_Nuf2-GFP_GFP_timelapse_06_R3D_D3D_Z1_C1_T15.tif,4508.038662486938,4279.2775,1.3532714461314088,2.633686673139647,0.5138316034071582,cdki,set3_timelapse_cdki_cell_4,Expt2020_017_setIII_STLC_GM132_RO3306_mKate2-Astrin_Nuf2-GFP_GFP_timelapse_06_R3D_D3D
811,811,35_6,32,14358.375,Expt2020_017_setIII_STLC_GM132_RO3306_mKate2-Astrin_Nuf2-GFP_GFP_timelapse_06_R3D_D3D_Z1_C0_T15.tif,6489.198901664666,5038.905,5017.59375,Expt2020_017_setIII_STLC_GM132_RO3306_mKate2-Astrin_Nuf2-GFP_GFP_timelapse_06_R3D_D3D_Z1_C1_T15.tif,4508.038662486938,4279.2775,1.1130325460057073,2.2126575587499198,0.5030297352630269,cdki,set3_timelapse_cdki_cell_4,Expt2020_017_setIII_STLC_GM132_RO3306_mKate2-Astrin_Nuf2-GFP_GFP_timelapse_06_R3D_D3D
812,812,35_7,45,15625.0,Expt2020_017_setIII_STLC_GM132_RO3306_mKate2-Astrin_Nuf2-GFP_GFP_timelapse_06_R3D_D3D_Z1_C0_T15.tif,6489.198901664666,5038.905,5391.844444444445,Expt2020_017_setIII_STLC_GM132_RO3306_mKate2-Astrin_Nuf2-GFP_GFP_timelapse_06_R3D_D3D_Z1_C1_T15.tif,4508.038662486938,4279.2775,1.196051065247506,2.4078472915958455,0.49673044857209403,cdki,set3_timelapse_cdki_cell_4,Expt2020_017_setIII_STLC_GM132_RO3306_mKate2-Astrin_Nuf2-GFP_GFP_timelapse_06_R3D_D3D
813,813,35_8,32,16908.9375,Expt2020_017_setIII_STLC_GM132_RO3306_mKate2-Astrin_Nuf2-GFP_GFP_timelapse_06_R3D_D3D_Z1_C0_T15.tif,6489.198901664666,5038.905,5914.25,Expt2020_017_setIII_STLC_GM132_RO3306_mKate2-Astrin_Nuf2-GFP_GFP_timelapse_06_R3D_D3D_Z1_C1_T15.tif,4508.038662486938,4279.2775,1.3119341786517202,2.6057049192408592,0.5034853213670627,cdki,set3_timelapse_cdki_cell_4,Expt2020_017_setIII_STLC_GM132_RO3306_mKate2-Astrin_Nuf2-GFP_GFP_timelapse_06_R3D_D3D
814,814,35_9,36,14362.472222222224,Expt2020_017_setIII_STLC_GM132_RO3306_mKate2-Astrin_Nuf2-GFP_GFP_timelapse_06_R3D_D3D_Z1_C0_T15.tif,6489.198901664666,5038.905,5606.38888888889,Expt2020_017_setIII_STLC_GM132_RO3306_mKate2-Astrin_Nuf2-GFP_GFP_timelapse_06_R3D_D3D_Z1_C1_T15.tif,4508.038662486938,4279.2775,1.2436425924075876,2.213288949817494,0.5618979810612335,cdki,set3_timelapse_cdki_cell_4,Expt2020_017_setIII_STLC_GM132_RO3306_mKate2-Astrin_Nuf2-GFP_GFP_timelapse_06_R3D_D3D
815,815,35_10,30,14438.4,Expt2020_017_setIII_STLC_GM132_RO3306_mKate2-Astrin_Nuf2-GFP_GFP_timelapse_06_R3D_D3D_Z1_C0_T15.tif,6489.198901664666,5038.905,5290.2,Expt2020_017_setIII_STLC_GM132_RO3306_mKate2-Astrin_Nuf2-GFP_GFP_timelapse_06_R3D_D3D_Z1_C1_T15.tif,4508.038662486938,4279.2775,1.173503688870665,2.224989589438557,0.5274198560033627,cdki,set3_timelapse_cdki_cell_4,Expt2020_017_setIII_STLC_GM132_RO3306_mKate2-Astrin_Nuf2-GFP_GFP_timelapse_06_R3D_D3D
816,816,35_11,36,15245.111111111111,Expt2020_017_setIII_STLC_GM132_RO3306_mKate2-Astrin_Nuf2-GFP_GFP_timelapse_06_R3D_D3D_Z1_C0_T15.tif,6489.198901664666,5038.905,4760.222222222223,Expt2020_017_setIII_STLC_GM132_RO3306_mKate2-Astrin_Nuf2-GFP_GFP_timelapse_06_R3D_D3D_Z1_C1_T15.tif,4508.038662486938,4279.2775,1.055940860009431,2.3493055679338637,0.4494693557203357,cdki,set3_timelapse_cdki_cell_4,Expt2020_017_setIII_STLC_GM132_RO3306_mKate2-Astrin_Nuf2-GFP_GFP_timelapse_06_R3D_D3D
817,817,35_12,26,14223.53846153846,Expt2020_017_setIII_STLC_GM132_RO3306_mKate2-Astrin_Nuf2-GFP_GFP_timelapse_06_R3D_D3D_Z1_C0_T15.tif,6489.198901664666,5038.905,4973.961538461538,Expt2020_017_setIII_STLC_GM132_RO3306_mKate2-Astrin_Nuf2-GFP_GFP_timelapse_06_R3D_D3D_Z1_C1_T15.tif,4508.038662486938,4279.2775,1.1033537888332052,2.1918789479375818,0.5033826297165684,cdki,set3_timelapse_cdki_cell_4,Expt2020_017_setIII_STLC_GM132_RO3306_mKate2-Astrin_Nuf2-GFP_GFP_timelapse_06_R3D_D3D
818,818,35_13,30,14457.066666666668,Expt2020_017_setIII_STLC_GM132_RO3306_mKate2-Astrin_Nuf2-GFP_GFP_timelapse_06_R3D_D3D_Z1_C0_T15.tif,6489.198901664666,5038.905,5792.666666666668,Expt2020_017_setIII_STLC_GM132_RO3306_mKate2-Astrin_Nuf2-GFP_GFP_timelapse_06_R3D_D3D_Z1_C1_T15.tif,4508.038662486938,4279.2775,1.284963839123563,2.2278661643362505,0.5767688650661801,cdki,set3_timelapse_cdki_cell_4,Expt2020_017_setIII_STLC_GM132_RO3306_mKate2-Astrin_Nuf2-GFP_GFP_timelapse_06_R3D_D3D
819,819,35_14,16,14315.0,Expt2020_017_setIII_STLC_GM132_RO3306_mKate2-Astrin_Nuf2-GFP_GFP_timelapse_06_R3D_D3D_Z1_C0_T15.tif,6489.198901664666,5038.905,4149.625,Expt2020_017_setIII_STLC_GM132_RO3306_mKate2-Astrin_Nuf2-GFP_GFP_timelapse_06_R3D_D3D_Z1_C1_T15.tif,4508.038662486938,4279.2775,0.9204945455615918,2.20597337466845,0.4172736426158992,cdki,set3_timelapse_cdki_cell_4,Expt2020_017_setIII_STLC_GM132_RO3306_mKate2-Astrin_Nuf2-GFP_GFP_timelapse_06_R3D_D3D
820,820,35_15,21,16971.761904761905,Expt2020_017_setIII_STLC_GM132_RO3306_mKate2-Astrin_Nuf2-GFP_GFP_timelapse_06_R3D_D3D_Z1_C0_T15.tif,6489.198901664666,5038.905,4977.571428571428,Expt2020_017_setIII_STLC_GM132_RO3306_mKate2-Astrin_Nuf2-GFP_GFP_timelapse_06_R3D_D3D_Z1_C1_T15.tif,4508.038662486938,4279.2775,1.1041545561691044,2.615386299903392,0.4221764701489375,cdki,set3_timelapse_cdki_cell_4,Expt2020_017_setIII_STLC_GM132_RO3306_mKate2-Astrin_Nuf2-GFP_GFP_timelapse_06_R3D_D3D
821,821,35_16,43,17413.651162790702,Expt2020_017_setIII_STLC_GM132_RO3306_mKate2-Astrin_Nuf2-GFP_GFP_timelapse_06_R3D_D3D_Z1_C0_T15.tif,6489.198901664666,5038.905,5616.372093023256,Expt2020_017_setIII_STLC_GM132_RO3306_mKate2-Astrin_Nuf2-GFP_GFP_timelapse_06_R3D_D3D_Z1_C1_T15.tif,4508.038662486938,4279.2775,1.2458571262396596,2.683482418503708,0.46426878657708565,cdki,set3_timelapse_cdki_cell_4,Expt2020_017_setIII_STLC_GM132_RO3306_mKate2-Astrin_Nuf2-GFP_GFP_timelapse_06_R3D_D3D
822,822,35_17,32,14808.90625,Expt2020_017_setIII_STLC_GM132_RO3306_mKate2-Astrin_Nuf2-GFP_GFP_timelapse_06_R3D_D3D_Z1_C0_T15.tif,6489.198901664666,5038.905,5224.03125,Expt2020_017_setIII_STLC_GM132_RO3306_mKate2-Astrin_Nuf2-GFP_GFP_timelapse_06_R3D_D3D_Z1_C1_T15.tif,4508.038662486938,4279.2775,1.1588257424389685,2.2820854275557942,0.5077924465255964,cdki,set3_timelapse_cdki_cell_4,Expt2020_017_setIII_STLC_GM132_RO3306_mKate2-Astrin_Nuf2-GFP_GFP_timelapse_06_R3D_D3D
823,823,35_18,101,15838.534653465349,Expt2020_017_setIII_STLC_GM132_RO3306_mKate2-Astrin_Nuf2-GFP_GFP_timelapse_06_R3D_D3D_Z1_C0_T15.tif,6489.198901664666,5038.905,4867.2970297029715,Expt2020_017_setIII_STLC_GM132_RO3306_mKate2-Astrin_Nuf2-GFP_GFP_timelapse_06_R3D_D3D_Z1_C1_T15.tif,4508.038662486938,4279.2775,1.0796928318751025,2.4407534571643827,0.44236046402223167,cdki,set3_timelapse_cdki_cell_4,Expt2020_017_setIII_STLC_GM132_RO3306_mKate2-Astrin_Nuf2-GFP_GFP_timelapse_06_R3D_D3D
824,824,35_19,26,15126.46153846154,Expt2020_017_setIII_STLC_GM132_RO3306_mKate2-Astrin_Nuf2-GFP_GFP_timelapse_06_R3D_D3D_Z1_C0_T15.tif,6489.198901664666,5038.905,5138.115384615385,Expt2020_017_setIII_STLC_GM132_RO3306_mKate2-Astrin_Nuf2-GFP_GFP_timelapse_06_R3D_D3D_Z1_C1_T15.tif,4508.038662486938,4279.2775,1.1397673731974725,2.3310214045960542,0.4889562021825296,cdki,set3_timelapse_cdki_cell_4,Expt2020_017_setIII_STLC_GM132_RO3306_mKate2-Astrin_Nuf2-GFP_GFP_timelapse_06_R3D_D3D
827,827,36_1,55,13275.890909090907,Expt2020_017_setIII_STLC_GM132_RO3306_mKate2-Astrin_Nuf2-GFP_GFP_timelapse_06_R3D_D3D_Z1_C0_T16.tif,6323.508290279948,5102.1425,4266.7636363636375,Expt2020_017_setIII_STLC_GM132_RO3306_mKate2-Astrin_Nuf2-GFP_GFP_timelapse_06_R3D_D3D_Z1_C1_T16.tif,4342.955263532425,4339.74,0.9824562716985448,2.099450225992061,0.46795883014292516,cdki,set3_timelapse_cdki_cell_4,Expt2020_017_setIII_STLC_GM132_RO3306_mKate2-Astrin_Nuf2-GFP_GFP_timelapse_06_R3D_D3D
828,828,36_2,36,15767.555555555557,Expt2020_017_setIII_STLC_GM132_RO3306_mKate2-Astrin_Nuf2-GFP_GFP_timelapse_06_R3D_D3D_Z1_C0_T16.tif,6323.508290279948,5102.1425,4310.416666666667,Expt2020_017_setIII_STLC_GM132_RO3306_mKate2-Astrin_Nuf2-GFP_GFP_timelapse_06_R3D_D3D_Z1_C1_T16.tif,4342.955263532425,4339.74,0.9925077292094203,2.4934822303929502,0.3980408270457215,cdki,set3_timelapse_cdki_cell_4,Expt2020_017_setIII_STLC_GM132_RO3306_mKate2-Astrin_Nuf2-GFP_GFP_timelapse_06_R3D_D3D
829,829,36_3,39,15455.666666666664,Expt2020_017_setIII_STLC_GM132_RO3306_mKate2-Astrin_Nuf2-GFP_GFP_timelapse_06_R3D_D3D_Z1_C0_T16.tif,6323.508290279948,5102.1425,5185.871794871795,Expt2020_017_setIII_STLC_GM132_RO3306_mKate2-Astrin_Nuf2-GFP_GFP_timelapse_06_R3D_D3D_Z1_C1_T16.tif,4342.955263532425,4339.74,1.1940882372004373,2.4441601018257586,0.48854747130045517,cdki,set3_timelapse_cdki_cell_4,Expt2020_017_setIII_STLC_GM132_RO3306_mKate2-Astrin_Nuf2-GFP_GFP_timelapse_06_R3D_D3D
830,830,36_4,70,14960.15714285714,Expt2020_017_setIII_STLC_GM132_RO3306_mKate2-Astrin_Nuf2-GFP_GFP_timelapse_06_R3D_D3D_Z1_C0_T16.tif,6323.508290279948,5102.1425,5493.814285714286,Expt2020_017_setIII_STLC_GM132_RO3306_mKate2-Astrin_Nuf2-GFP_GFP_timelapse_06_R3D_D3D_Z1_C1_T16.tif,4342.955263532425,4339.74,1.2649944455669542,2.3658001944668663,0.5347004571753453,cdki,set3_timelapse_cdki_cell_4,Expt2020_017_setIII_STLC_GM132_RO3306_mKate2-Astrin_Nuf2-GFP_GFP_timelapse_06_R3D_D3D
831,831,36_5,41,15541.219512195124,Expt2020_017_setIII_STLC_GM132_RO3306_mKate2-Astrin_Nuf2-GFP_GFP_timelapse_06_R3D_D3D_Z1_C0_T16.tif,6323.508290279948,5102.1425,4692.634146341465,Expt2020_017_setIII_STLC_GM132_RO3306_mKate2-Astrin_Nuf2-GFP_GFP_timelapse_06_R3D_D3D_Z1_C1_T16.tif,4342.955263532425,4339.74,1.080516344652517,2.4576894342154962,0.43964722702948916,cdki,set3_timelapse_cdki_cell_4,Expt2020_017_setIII_STLC_GM132_RO3306_mKate2-Astrin_Nuf2-GFP_GFP_timelapse_06_R3D_D3D
833,833,36_7,53,14131.415094339623,Expt2020_017_setIII_STLC_GM132_RO3306_mKate2-Astrin_Nuf2-GFP_GFP_timelapse_06_R3D_D3D_Z1_C0_T16.tif,6323.508290279948,5102.1425,5088.490566037736,Expt2020_017_setIII_STLC_GM132_RO3306_mKate2-Astrin_Nuf2-GFP_GFP_timelapse_06_R3D_D3D_Z1_C1_T16.tif,4342.955263532425,4339.74,1.1716654345407453,2.2347428746256948,0.5242954112727586,cdki,set3_timelapse_cdki_cell_4,Expt2020_017_setIII_STLC_GM132_RO3306_mKate2-Astrin_Nuf2-GFP_GFP_timelapse_06_R3D_D3D
834,834,36_8,21,12692.0,Expt2020_017_setIII_STLC_GM132_RO3306_mKate2-Astrin_Nuf2-GFP_GFP_timelapse_06_R3D_D3D_Z1_C0_T16.tif,6323.508290279948,5102.1425,4591.809523809524,Expt2020_017_setIII_STLC_GM132_RO3306_mKate2-Astrin_Nuf2-GFP_GFP_timelapse_06_R3D_D3D_Z1_C1_T16.tif,4342.955263532425,4339.74,1.0573006731998174,2.0071136807884398,0.5267766760398374,cdki,set3_timelapse_cdki_cell_4,Expt2020_017_setIII_STLC_GM132_RO3306_mKate2-Astrin_Nuf2-GFP_GFP_timelapse_06_R3D_D3D
835,835,36_9,43,15057.232558139534,Expt2020_017_setIII_STLC_GM132_RO3306_mKate2-Astrin_Nuf2-GFP_GFP_timelapse_06_R3D_D3D_Z1_C0_T16.tif,6323.508290279948,5102.1425,5264.813953488372,Expt2020_017_setIII_STLC_GM132_RO3306_mKate2-Astrin_Nuf2-GFP_GFP_timelapse_06_R3D_D3D_Z1_C1_T16.tif,4342.955263532425,4339.74,1.21226529724972,2.3811517067644954,0.5091088038640528,cdki,set3_timelapse_cdki_cell_4,Expt2020_017_setIII_STLC_GM132_RO3306_mKate2-Astrin_Nuf2-GFP_GFP_timelapse_06_R3D_D3D
836,836,36_10,60,13457.35,Expt2020_017_setIII_STLC_GM132_RO3306_mKate2-Astrin_Nuf2-GFP_GFP_timelapse_06_R3D_D3D_Z1_C0_T16.tif,6323.508290279948,5102.1425,4996.283333333334,Expt2020_017_setIII_STLC_GM132_RO3306_mKate2-Astrin_Nuf2-GFP_GFP_timelapse_06_R3D_D3D_Z1_C1_T16.tif,4342.955263532425,4339.74,1.1504339856518604,2.128146178077396,0.5405803405343059,cdki,set3_timelapse_cdki_cell_4,Expt2020_017_setIII_STLC_GM132_RO3306_mKate2-Astrin_Nuf2-GFP_GFP_timelapse_06_R3D_D3D
837,837,36_11,41,14241.682926829268,Expt2020_017_setIII_STLC_GM132_RO3306_mKate2-Astrin_Nuf2-GFP_GFP_timelapse_06_R3D_D3D_Z1_C0_T16.tif,6323.508290279948,5102.1425,5598.414634146342,Expt2020_017_setIII_STLC_GM132_RO3306_mKate2-Astrin_Nuf2-GFP_GFP_timelapse_06_R3D_D3D_Z1_C1_T16.tif,4342.955263532425,4339.74,1.2890795079461088,2.2521806366128407,0.5723695013579442,cdki,set3_timelapse_cdki_cell_4,Expt2020_017_setIII_STLC_GM132_RO3306_mKate2-Astrin_Nuf2-GFP_GFP_timelapse_06_R3D_D3D
838,838,36_12,36,13781.611111111111,Expt2020_017_setIII_STLC_GM132_RO3306_mKate2-Astrin_Nuf2-GFP_GFP_timelapse_06_R3D_D3D_Z1_C0_T16.tif,6323.508290279948,5102.1425,4649.166666666667,Expt2020_017_setIII_STLC_GM132_RO3306_mKate2-Astrin_Nuf2-GFP_GFP_timelapse_06_R3D_D3D_Z1_C1_T16.tif,4342.955263532425,4339.74,1.070507611649948,2.1794248506474223,0.49118812760712616,cdki,set3_timelapse_cdki_cell_4,Expt2020_017_setIII_STLC_GM132_RO3306_mKate2-Astrin_Nuf2-GFP_GFP_timelapse_06_R3D_D3D
839,839,36_13,32,13404.71875,Expt2020_017_setIII_STLC_GM132_RO3306_mKate2-Astrin_Nuf2-GFP_GFP_timelapse_06_R3D_D3D_Z1_C0_T16.tif,6323.508290279948,5102.1425,4782.125,Expt2020_017_setIII_STLC_GM132_RO3306_mKate2-Astrin_Nuf2-GFP_GFP_timelapse_06_R3D_D3D_Z1_C1_T16.tif,4342.955263532425,4339.74,1.101122325655818,2.1198230688816824,0.5194406749411957,cdki,set3_timelapse_cdki_cell_4,Expt2020_017_setIII_STLC_GM132_RO3306_mKate2-Astrin_Nuf2-GFP_GFP_timelapse_06_R3D_D3D
840,840,36_14,36,14025.333333333336,Expt2020_017_setIII_STLC_GM132_RO3306_mKate2-Astrin_Nuf2-GFP_GFP_timelapse_06_R3D_D3D_Z1_C0_T16.tif,6323.508290279948,5102.1425,6104.777777777777,Expt2020_017_setIII_STLC_GM132_RO3306_mKate2-Astrin_Nuf2-GFP_GFP_timelapse_06_R3D_D3D_Z1_C1_T16.tif,4342.955263532425,4339.74,1.4056736501615124,2.217967098247043,0.6337666826854547,cdki,set3_timelapse_cdki_cell_4,Expt2020_017_setIII_STLC_GM132_RO3306_mKate2-Astrin_Nuf2-GFP_GFP_timelapse_06_R3D_D3D
841,841,36_15,32,15253.6875,Expt2020_017_setIII_STLC_GM132_RO3306_mKate2-Astrin_Nuf2-GFP_GFP_timelapse_06_R3D_D3D_Z1_C0_T16.tif,6323.508290279948,5102.1425,4815.9375,Expt2020_017_setIII_STLC_GM132_RO3306_mKate2-Astrin_Nuf2-GFP_GFP_timelapse_06_R3D_D3D_Z1_C1_T16.tif,4342.955263532425,4339.74,1.1089079227776493,2.412219103665428,0.4597044775462708,cdki,set3_timelapse_cdki_cell_4,Expt2020_017_setIII_STLC_GM132_RO3306_mKate2-Astrin_Nuf2-GFP_GFP_timelapse_06_R3D_D3D
842,842,36_16,16,11894.0,Expt2020_017_setIII_STLC_GM132_RO3306_mKate2-Astrin_Nuf2-GFP_GFP_timelapse_06_R3D_D3D_Z1_C0_T16.tif,6323.508290279948,5102.1425,4234.25,Expt2020_017_setIII_STLC_GM132_RO3306_mKate2-Astrin_Nuf2-GFP_GFP_timelapse_06_R3D_D3D_Z1_C1_T16.tif,4342.955263532425,4339.74,0.9749697482621528,1.880917910439466,0.5183478464694701,cdki,set3_timelapse_cdki_cell_4,Expt2020_017_setIII_STLC_GM132_RO3306_mKate2-Astrin_Nuf2-GFP_GFP_timelapse_06_R3D_D3D
843,843,36_17,38,14964.078947368424,Expt2020_017_setIII_STLC_GM132_RO3306_mKate2-Astrin_Nuf2-GFP_GFP_timelapse_06_R3D_D3D_Z1_C0_T16.tif,6323.508290279948,5102.1425,5354.0,Expt2020_017_setIII_STLC_GM132_RO3306_mKate2-Astrin_Nuf2-GFP_GFP_timelapse_06_R3D_D3D_Z1_C1_T16.tif,4342.955263532425,4339.74,1.2328010939825391,2.3664203888797224,0.5209560819268273,cdki,set3_timelapse_cdki_cell_4,Expt2020_017_setIII_STLC_GM132_RO3306_mKate2-Astrin_Nuf2-GFP_GFP_timelapse_06_R3D_D3D
844,844,36_18,45,16439.066666666666,Expt2020_017_setIII_STLC_GM132_RO3306_mKate2-Astrin_Nuf2-GFP_GFP_timelapse_06_R3D_D3D_Z1_C0_T16.tif,6323.508290279948,5102.1425,5405.022222222222,Expt2020_017_setIII_STLC_GM132_RO3306_mKate2-Astrin_Nuf2-GFP_GFP_timelapse_06_R3D_D3D_Z1_C1_T16.tif,4342.955263532425,4339.74,1.244549366558739,2.599675039872351,0.4787326675336502,cdki,set3_timelapse_cdki_cell_4,Expt2020_017_setIII_STLC_GM132_RO3306_mKate2-Astrin_Nuf2-GFP_GFP_timelapse_06_R3D_D3D
845,845,36_19,109,15070.614678899085,Expt2020_017_setIII_STLC_GM132_RO3306_mKate2-Astrin_Nuf2-GFP_GFP_timelapse_06_R3D_D3D_Z1_C0_T16.tif,6323.508290279948,5102.1425,5034.889908256881,Expt2020_017_setIII_STLC_GM132_RO3306_mKate2-Astrin_Nuf2-GFP_GFP_timelapse_06_R3D_D3D_Z1_C1_T16.tif,4342.955263532425,4339.74,1.1593234566643125,2.3832679561857417,0.4864427659740497,cdki,set3_timelapse_cdki_cell_4,Expt2020_017_setIII_STLC_GM132_RO3306_mKate2-Astrin_Nuf2-GFP_GFP_timelapse_06_R3D_D3D
846,846,36_20,35,12743.94285714286,Expt2020_017_setIII_STLC_GM132_RO3306_mKate2-Astrin_Nuf2-GFP_GFP_timelapse_06_R3D_D3D_Z1_C0_T16.tif,6323.508290279948,5102.1425,5462.0,Expt2020_017_setIII_STLC_GM132_RO3306_mKate2-Astrin_Nuf2-GFP_GFP_timelapse_06_R3D_D3D_Z1_C1_T16.tif,4342.955263532425,4339.74,1.2576689531812903,2.0153279274942917,0.6240517664760306,cdki,set3_timelapse_cdki_cell_4,Expt2020_017_setIII_STLC_GM132_RO3306_mKate2-Astrin_Nuf2-GFP_GFP_timelapse_06_R3D_D3D
847,847,36_21,45,13720.511111111111,Expt2020_017_setIII_STLC_GM132_RO3306_mKate2-Astrin_Nuf2-GFP_GFP_timelapse_06_R3D_D3D_Z1_C0_T16.tif,6323.508290279948,5102.1425,5113.266666666666,Expt2020_017_setIII_STLC_GM132_RO3306_mKate2-Astrin_Nuf2-GFP_GFP_timelapse_06_R3D_D3D_Z1_C1_T16.tif,4342.955263532425,4339.74,1.177370328817915,2.1697624927923815,0.5426263624378054,cdki,set3_timelapse_cdki_cell_4,Expt2020_017_setIII_STLC_GM132_RO3306_mKate2-Astrin_Nuf2-GFP_GFP_timelapse_06_R3D_D3D
850,850,37_1,41,13696.951219512195,Expt2020_017_setIII_STLC_GM132_RO3306_mKate2-Astrin_Nuf2-GFP_GFP_timelapse_06_R3D_D3D_Z1_C0_T17.tif,6294.727347265273,4964.4325,4112.682926829269,Expt2020_017_setIII_STLC_GM132_RO3306_mKate2-Astrin_Nuf2-GFP_GFP_timelapse_06_R3D_D3D_Z1_C1_T17.tif,4421.604774073644,4300.8975,0.9301335458438624,2.175940348784574,0.4274627961944875,cdki,set3_timelapse_cdki_cell_4,Expt2020_017_setIII_STLC_GM132_RO3306_mKate2-Astrin_Nuf2-GFP_GFP_timelapse_06_R3D_D3D
851,851,37_2,45,13216.377777777778,Expt2020_017_setIII_STLC_GM132_RO3306_mKate2-Astrin_Nuf2-GFP_GFP_timelapse_06_R3D_D3D_Z1_C0_T17.tif,6294.727347265273,4964.4325,4701.288888888889,Expt2020_017_setIII_STLC_GM132_RO3306_mKate2-Astrin_Nuf2-GFP_GFP_timelapse_06_R3D_D3D_Z1_C1_T17.tif,4421.604774073644,4300.8975,1.0632539833625996,2.0995949544215917,0.5064090962513819,cdki,set3_timelapse_cdki_cell_4,Expt2020_017_setIII_STLC_GM132_RO3306_mKate2-Astrin_Nuf2-GFP_GFP_timelapse_06_R3D_D3D
852,852,37_3,69,14172.231884057972,Expt2020_017_setIII_STLC_GM132_RO3306_mKate2-Astrin_Nuf2-GFP_GFP_timelapse_06_R3D_D3D_Z1_C0_T17.tif,6294.727347265273,4964.4325,5361.753623188406,Expt2020_017_setIII_STLC_GM132_RO3306_mKate2-Astrin_Nuf2-GFP_GFP_timelapse_06_R3D_D3D_Z1_C1_T17.tif,4421.604774073644,4300.8975,1.21262616112308,2.2514449160717116,0.5385990802914479,cdki,set3_timelapse_cdki_cell_4,Expt2020_017_setIII_STLC_GM132_RO3306_mKate2-Astrin_Nuf2-GFP_GFP_timelapse_06_R3D_D3D
853,853,37_4,81,14750.209876543211,Expt2020_017_setIII_STLC_GM132_RO3306_mKate2-Astrin_Nuf2-GFP_GFP_timelapse_06_R3D_D3D_Z1_C0_T17.tif,6294.727347265273,4964.4325,4894.814814814815,Expt2020_017_setIII_STLC_GM132_RO3306_mKate2-Astrin_Nuf2-GFP_GFP_timelapse_06_R3D_D3D_Z1_C1_T17.tif,4421.604774073644,4300.8975,1.1070222385130095,2.3432643008678364,0.4724273903302414,cdki,set3_timelapse_cdki_cell_4,Expt2020_017_setIII_STLC_GM132_RO3306_mKate2-Astrin_Nuf2-GFP_GFP_timelapse_06_R3D_D3D
855,855,37_6,45,13945.466666666667,Expt2020_017_setIII_STLC_GM132_RO3306_mKate2-Astrin_Nuf2-GFP_GFP_timelapse_06_R3D_D3D_Z1_C0_T17.tif,6294.727347265273,4964.4325,4726.244444444445,Expt2020_017_setIII_STLC_GM132_RO3306_mKate2-Astrin_Nuf2-GFP_GFP_timelapse_06_R3D_D3D_Z1_C1_T17.tif,4421.604774073644,4300.8975,1.0688979874811686,2.2154202870637816,0.482480906093822,cdki,set3_timelapse_cdki_cell_4,Expt2020_017_setIII_STLC_GM132_RO3306_mKate2-Astrin_Nuf2-GFP_GFP_timelapse_06_R3D_D3D
856,856,37_7,91,13978.912087912087,Expt2020_017_setIII_STLC_GM132_RO3306_mKate2-Astrin_Nuf2-GFP_GFP_timelapse_06_R3D_D3D_Z1_C0_T17.tif,6294.727347265273,4964.4325,5458.186813186813,Expt2020_017_setIII_STLC_GM132_RO3306_mKate2-Astrin_Nuf2-GFP_GFP_timelapse_06_R3D_D3D_Z1_C1_T17.tif,4421.604774073644,4300.8975,1.2344357065089202,2.2207335308947393,0.555868450372595,cdki,set3_timelapse_cdki_cell_4,Expt2020_017_setIII_STLC_GM132_RO3306_mKate2-Astrin_Nuf2-GFP_GFP_timelapse_06_R3D_D3D
857,857,37_8,63,13543.873015873016,Expt2020_017_setIII_STLC_GM132_RO3306_mKate2-Astrin_Nuf2-GFP_GFP_timelapse_06_R3D_D3D_Z1_C0_T17.tif,6294.727347265273,4964.4325,4716.793650793651,Expt2020_017_setIII_STLC_GM132_RO3306_mKate2-Astrin_Nuf2-GFP_GFP_timelapse_06_R3D_D3D_Z1_C1_T17.tif,4421.604774073644,4300.8975,1.0667605749050357,2.15162186838118,0.49579370361560626,cdki,set3_timelapse_cdki_cell_4,Expt2020_017_setIII_STLC_GM132_RO3306_mKate2-Astrin_Nuf2-GFP_GFP_timelapse_06_R3D_D3D
858,858,37_9,8,12482.0,Expt2020_017_setIII_STLC_GM132_RO3306_mKate2-Astrin_Nuf2-GFP_GFP_timelapse_06_R3D_D3D_Z1_C0_T17.tif,6294.727347265273,4964.4325,4549.0,Expt2020_017_setIII_STLC_GM132_RO3306_mKate2-Astrin_Nuf2-GFP_GFP_timelapse_06_R3D_D3D_Z1_C1_T17.tif,4421.604774073644,4300.8975,1.0288119885054734,1.9829294124109713,0.5188343982726942,cdki,set3_timelapse_cdki_cell_4,Expt2020_017_setIII_STLC_GM132_RO3306_mKate2-Astrin_Nuf2-GFP_GFP_timelapse_06_R3D_D3D
859,859,37_10,26,13276.0,Expt2020_017_setIII_STLC_GM132_RO3306_mKate2-Astrin_Nuf2-GFP_GFP_timelapse_06_R3D_D3D_Z1_C0_T17.tif,6294.727347265273,4964.4325,4463.384615384615,Expt2020_017_setIII_STLC_GM132_RO3306_mKate2-Astrin_Nuf2-GFP_GFP_timelapse_06_R3D_D3D_Z1_C1_T17.tif,4421.604774073644,4300.8975,1.0094490221188357,2.1090667264194884,0.47862355869249945,cdki,set3_timelapse_cdki_cell_4,Expt2020_017_setIII_STLC_GM132_RO3306_mKate2-Astrin_Nuf2-GFP_GFP_timelapse_06_R3D_D3D
860,860,37_11,30,13139.533333333333,Expt2020_017_setIII_STLC_GM132_RO3306_mKate2-Astrin_Nuf2-GFP_GFP_timelapse_06_R3D_D3D_Z1_C0_T17.tif,6294.727347265273,4964.4325,4937.4,Expt2020_017_setIII_STLC_GM132_RO3306_mKate2-Astrin_Nuf2-GFP_GFP_timelapse_06_R3D_D3D_Z1_C1_T17.tif,4421.604774073644,4300.8975,1.1166533989991039,2.0873872065390993,0.5349526889409857,cdki,set3_timelapse_cdki_cell_4,Expt2020_017_setIII_STLC_GM132_RO3306_mKate2-Astrin_Nuf2-GFP_GFP_timelapse_06_R3D_D3D
861,861,37_12,41,14425.536585365851,Expt2020_017_setIII_STLC_GM132_RO3306_mKate2-Astrin_Nuf2-GFP_GFP_timelapse_06_R3D_D3D_Z1_C0_T17.tif,6294.727347265273,4964.4325,5126.780487804878,Expt2020_017_setIII_STLC_GM132_RO3306_mKate2-Astrin_Nuf2-GFP_GFP_timelapse_06_R3D_D3D_Z1_C1_T17.tif,4421.604774073644,4300.8975,1.159484112615871,2.2916856901884697,0.5059525036875866,cdki,set3_timelapse_cdki_cell_4,Expt2020_017_setIII_STLC_GM132_RO3306_mKate2-Astrin_Nuf2-GFP_GFP_timelapse_06_R3D_D3D
862,862,37_13,16,13003.4375,Expt2020_017_setIII_STLC_GM132_RO3306_mKate2-Astrin_Nuf2-GFP_GFP_timelapse_06_R3D_D3D_Z1_C0_T17.tif,6294.727347265273,4964.4325,3946.0,Expt2020_017_setIII_STLC_GM132_RO3306_mKate2-Astrin_Nuf2-GFP_GFP_timelapse_06_R3D_D3D_Z1_C1_T17.tif,4421.604774073644,4300.8975,0.8924361632540334,2.0657665983975155,0.4320120985334578,cdki,set3_timelapse_cdki_cell_4,Expt2020_017_setIII_STLC_GM132_RO3306_mKate2-Astrin_Nuf2-GFP_GFP_timelapse_06_R3D_D3D
863,863,37_14,36,13649.611111111111,Expt2020_017_setIII_STLC_GM132_RO3306_mKate2-Astrin_Nuf2-GFP_GFP_timelapse_06_R3D_D3D_Z1_C0_T17.tif,6294.727347265273,4964.4325,4617.333333333333,Expt2020_017_setIII_STLC_GM132_RO3306_mKate2-Astrin_Nuf2-GFP_GFP_timelapse_06_R3D_D3D_Z1_C1_T17.tif,4421.604774073644,4300.8975,1.044266407619097,2.168419751657893,0.4815794574923466,cdki,set3_timelapse_cdki_cell_4,Expt2020_017_setIII_STLC_GM132_RO3306_mKate2-Astrin_Nuf2-GFP_GFP_timelapse_06_R3D_D3D
864,864,37_15,46,15972.54347826087,Expt2020_017_setIII_STLC_GM132_RO3306_mKate2-Astrin_Nuf2-GFP_GFP_timelapse_06_R3D_D3D_Z1_C0_T17.tif,6294.727347265273,4964.4325,5366.630434782609,Expt2020_017_setIII_STLC_GM132_RO3306_mKate2-Astrin_Nuf2-GFP_GFP_timelapse_06_R3D_D3D_Z1_C1_T17.tif,4421.604774073644,4300.8975,1.2137291117130553,2.5374480254812144,0.4783266886748853,cdki,set3_timelapse_cdki_cell_4,Expt2020_017_setIII_STLC_GM132_RO3306_mKate2-Astrin_Nuf2-GFP_GFP_timelapse_06_R3D_D3D
865,865,37_16,34,13867.323529411766,Expt2020_017_setIII_STLC_GM132_RO3306_mKate2-Astrin_Nuf2-GFP_GFP_timelapse_06_R3D_D3D_Z1_C0_T17.tif,6294.727347265273,4964.4325,5337.676470588235,Expt2020_017_setIII_STLC_GM132_RO3306_mKate2-Astrin_Nuf2-GFP_GFP_timelapse_06_R3D_D3D_Z1_C1_T17.tif,4421.604774073644,4300.8975,1.2071808185765573,2.203006224794849,0.5479697719369694,cdki,set3_timelapse_cdki_cell_4,Expt2020_017_setIII_STLC_GM132_RO3306_mKate2-Astrin_Nuf2-GFP_GFP_timelapse_06_R3D_D3D
866,866,37_17,123,14652.008130081302,Expt2020_017_setIII_STLC_GM132_RO3306_mKate2-Astrin_Nuf2-GFP_GFP_timelapse_06_R3D_D3D_Z1_C0_T17.tif,6294.727347265273,4964.4325,4869.487804878048,Expt2020_017_setIII_STLC_GM132_RO3306_mKate2-Astrin_Nuf2-GFP_GFP_timelapse_06_R3D_D3D_Z1_C1_T17.tif,4421.604774073644,4300.8975,1.1012942254428968,2.3276636654400646,0.47313288504449275,cdki,set3_timelapse_cdki_cell_4,Expt2020_017_setIII_STLC_GM132_RO3306_mKate2-Astrin_Nuf2-GFP_GFP_timelapse_06_R3D_D3D
867,867,37_18,32,12891.21875,Expt2020_017_setIII_STLC_GM132_RO3306_mKate2-Astrin_Nuf2-GFP_GFP_timelapse_06_R3D_D3D_Z1_C0_T17.tif,6294.727347265273,4964.4325,4647.40625,Expt2020_017_setIII_STLC_GM132_RO3306_mKate2-Astrin_Nuf2-GFP_GFP_timelapse_06_R3D_D3D_Z1_C1_T17.tif,4421.604774073644,4300.8975,1.0510677655430347,2.0479391781123852,0.5132319244518867,cdki,set3_timelapse_cdki_cell_4,Expt2020_017_setIII_STLC_GM132_RO3306_mKate2-Astrin_Nuf2-GFP_GFP_timelapse_06_R3D_D3D
868,868,37_19,51,14132.274509803921,Expt2020_017_setIII_STLC_GM132_RO3306_mKate2-Astrin_Nuf2-GFP_GFP_timelapse_06_R3D_D3D_Z1_C0_T17.tif,6294.727347265273,4964.4325,5109.607843137255,Expt2020_017_setIII_STLC_GM132_RO3306_mKate2-Astrin_Nuf2-GFP_GFP_timelapse_06_R3D_D3D_Z1_C1_T17.tif,4421.604774073644,4300.8975,1.1556003089868547,2.2450971630953402,0.5147217358707166,cdki,set3_timelapse_cdki_cell_4,Expt2020_017_setIII_STLC_GM132_RO3306_mKate2-Astrin_Nuf2-GFP_GFP_timelapse_06_R3D_D3D
871,871,38_1,47,12753.659574468084,Expt2020_017_setIII_STLC_GM132_RO3306_mKate2-Astrin_Nuf2-GFP_GFP_timelapse_06_R3D_D3D_Z1_C0_T18.tif,6326.396112385074,5007.89,3939.297872340425,Expt2020_017_setIII_STLC_GM132_RO3306_mKate2-Astrin_Nuf2-GFP_GFP_timelapse_06_R3D_D3D_Z1_C1_T18.tif,4240.160448358687,4270.9025,0.9290445303467886,2.01594388778478,0.4608484075257021,cdki,set3_timelapse_cdki_cell_4,Expt2020_017_setIII_STLC_GM132_RO3306_mKate2-Astrin_Nuf2-GFP_GFP_timelapse_06_R3D_D3D
872,872,38_2,51,12427.117647058823,Expt2020_017_setIII_STLC_GM132_RO3306_mKate2-Astrin_Nuf2-GFP_GFP_timelapse_06_R3D_D3D_Z1_C0_T18.tif,6326.396112385074,5007.89,4735.745098039216,Expt2020_017_setIII_STLC_GM132_RO3306_mKate2-Astrin_Nuf2-GFP_GFP_timelapse_06_R3D_D3D_Z1_C1_T18.tif,4240.160448358687,4270.9025,1.1168787492162857,1.9643280986991116,0.568580549224921,cdki,set3_timelapse_cdki_cell_4,Expt2020_017_setIII_STLC_GM132_RO3306_mKate2-Astrin_Nuf2-GFP_GFP_timelapse_06_R3D_D3D
873,873,38_3,70,14111.014285714287,Expt2020_017_setIII_STLC_GM132_RO3306_mKate2-Astrin_Nuf2-GFP_GFP_timelapse_06_R3D_D3D_Z1_C0_T18.tif,6326.396112385074,5007.89,5067.7,Expt2020_017_setIII_STLC_GM132_RO3306_mKate2-Astrin_Nuf2-GFP_GFP_timelapse_06_R3D_D3D_Z1_C1_T18.tif,4240.160448358687,4270.9025,1.1951670371251264,2.2304980647812114,0.5358296678201152,cdki,set3_timelapse_cdki_cell_4,Expt2020_017_setIII_STLC_GM132_RO3306_mKate2-Astrin_Nuf2-GFP_GFP_timelapse_06_R3D_D3D
874,874,38_4,97,14480.432989690722,Expt2020_017_setIII_STLC_GM132_RO3306_mKate2-Astrin_Nuf2-GFP_GFP_timelapse_06_R3D_D3D_Z1_C0_T18.tif,6326.396112385074,5007.89,4566.536082474226,Expt2020_017_setIII_STLC_GM132_RO3306_mKate2-Astrin_Nuf2-GFP_GFP_timelapse_06_R3D_D3D_Z1_C1_T18.tif,4240.160448358687,4270.9025,1.0769724726435468,2.288891294894203,0.47052145947076385,cdki,set3_timelapse_cdki_cell_4,Expt2020_017_setIII_STLC_GM132_RO3306_mKate2-Astrin_Nuf2-GFP_GFP_timelapse_06_R3D_D3D
876,876,38_6,52,13776.557692307693,Expt2020_017_setIII_STLC_GM132_RO3306_mKate2-Astrin_Nuf2-GFP_GFP_timelapse_06_R3D_D3D_Z1_C0_T18.tif,6326.396112385074,5007.89,4754.134615384615,Expt2020_017_setIII_STLC_GM132_RO3306_mKate2-Astrin_Nuf2-GFP_GFP_timelapse_06_R3D_D3D_Z1_C1_T18.tif,4240.160448358687,4270.9025,1.121215735415126,2.177631221247365,0.5148786095989588,cdki,set3_timelapse_cdki_cell_4,Expt2020_017_setIII_STLC_GM132_RO3306_mKate2-Astrin_Nuf2-GFP_GFP_timelapse_06_R3D_D3D
877,877,38_7,94,13856.489361702128,Expt2020_017_setIII_STLC_GM132_RO3306_mKate2-Astrin_Nuf2-GFP_GFP_timelapse_06_R3D_D3D_Z1_C0_T18.tif,6326.396112385074,5007.89,5223.531914893617,Expt2020_017_setIII_STLC_GM132_RO3306_mKate2-Astrin_Nuf2-GFP_GFP_timelapse_06_R3D_D3D_Z1_C1_T18.tif,4240.160448358687,4270.9025,1.2319184565092531,2.190265850501445,0.5624515655153071,cdki,set3_timelapse_cdki_cell_4,Expt2020_017_setIII_STLC_GM132_RO3306_mKate2-Astrin_Nuf2-GFP_GFP_timelapse_06_R3D_D3D
878,878,38_8,56,13339.017857142857,Expt2020_017_setIII_STLC_GM132_RO3306_mKate2-Astrin_Nuf2-GFP_GFP_timelapse_06_R3D_D3D_Z1_C0_T18.tif,6326.396112385074,5007.89,4605.375,Expt2020_017_setIII_STLC_GM132_RO3306_mKate2-Astrin_Nuf2-GFP_GFP_timelapse_06_R3D_D3D_Z1_C1_T18.tif,4240.160448358687,4270.9025,1.086132248081009,2.1084702285759973,0.515128093041443,cdki,set3_timelapse_cdki_cell_4,Expt2020_017_setIII_STLC_GM132_RO3306_mKate2-Astrin_Nuf2-GFP_GFP_timelapse_06_R3D_D3D
879,879,38_9,44,12138.045454545454,Expt2020_017_setIII_STLC_GM132_RO3306_mKate2-Astrin_Nuf2-GFP_GFP_timelapse_06_R3D_D3D_Z1_C0_T18.tif,6326.396112385074,5007.89,4460.318181818182,Expt2020_017_setIII_STLC_GM132_RO3306_mKate2-Astrin_Nuf2-GFP_GFP_timelapse_06_R3D_D3D_Z1_C1_T18.tif,4240.160448358687,4270.9025,1.051922028928107,1.9186350710451114,0.5482658191769153,cdki,set3_timelapse_cdki_cell_4,Expt2020_017_setIII_STLC_GM132_RO3306_mKate2-Astrin_Nuf2-GFP_GFP_timelapse_06_R3D_D3D
880,880,38_10,12,11815.25,Expt2020_017_setIII_STLC_GM132_RO3306_mKate2-Astrin_Nuf2-GFP_GFP_timelapse_06_R3D_D3D_Z1_C0_T18.tif,6326.396112385074,5007.89,4537.333333333333,Expt2020_017_setIII_STLC_GM132_RO3306_mKate2-Astrin_Nuf2-GFP_GFP_timelapse_06_R3D_D3D_Z1_C1_T18.tif,4240.160448358687,4270.9025,1.0700852924303084,1.8676114789697555,0.5729699696537566,cdki,set3_timelapse_cdki_cell_4,Expt2020_017_setIII_STLC_GM132_RO3306_mKate2-Astrin_Nuf2-GFP_GFP_timelapse_06_R3D_D3D
881,881,38_11,38,13556.131578947368,Expt2020_017_setIII_STLC_GM132_RO3306_mKate2-Astrin_Nuf2-GFP_GFP_timelapse_06_R3D_D3D_Z1_C0_T18.tif,6326.396112385074,5007.89,5564.236842105262,Expt2020_017_setIII_STLC_GM132_RO3306_mKate2-Astrin_Nuf2-GFP_GFP_timelapse_06_R3D_D3D_Z1_C1_T18.tif,4240.160448358687,4270.9025,1.3122703515285863,2.1427889335618375,0.6124123244127797,cdki,set3_timelapse_cdki_cell_4,Expt2020_017_setIII_STLC_GM132_RO3306_mKate2-Astrin_Nuf2-GFP_GFP_timelapse_06_R3D_D3D
882,882,38_12,32,13031.3125,Expt2020_017_setIII_STLC_GM132_RO3306_mKate2-Astrin_Nuf2-GFP_GFP_timelapse_06_R3D_D3D_Z1_C0_T18.tif,6326.396112385074,5007.89,4801.78125,Expt2020_017_setIII_STLC_GM132_RO3306_mKate2-Astrin_Nuf2-GFP_GFP_timelapse_06_R3D_D3D_Z1_C1_T18.tif,4240.160448358687,4270.9025,1.1324527240139484,2.0598318961547206,0.549779196121782,cdki,set3_timelapse_cdki_cell_4,Expt2020_017_setIII_STLC_GM132_RO3306_mKate2-Astrin_Nuf2-GFP_GFP_timelapse_06_R3D_D3D
883,883,38_13,32,15173.84375,Expt2020_017_setIII_STLC_GM132_RO3306_mKate2-Astrin_Nuf2-GFP_GFP_timelapse_06_R3D_D3D_Z1_C0_T18.tif,6326.396112385074,5007.89,4438.65625,Expt2020_017_setIII_STLC_GM132_RO3306_mKate2-Astrin_Nuf2-GFP_GFP_timelapse_06_R3D_D3D_Z1_C1_T18.tif,4240.160448358687,4270.9025,1.0468132760679252,2.398497261386215,0.4364454748065536,cdki,set3_timelapse_cdki_cell_4,Expt2020_017_setIII_STLC_GM132_RO3306_mKate2-Astrin_Nuf2-GFP_GFP_timelapse_06_R3D_D3D
884,884,38_14,8,11987.875,Expt2020_017_setIII_STLC_GM132_RO3306_mKate2-Astrin_Nuf2-GFP_GFP_timelapse_06_R3D_D3D_Z1_C0_T18.tif,6326.396112385074,5007.89,3678.875,Expt2020_017_setIII_STLC_GM132_RO3306_mKate2-Astrin_Nuf2-GFP_GFP_timelapse_06_R3D_D3D_Z1_C1_T18.tif,4240.160448358687,4270.9025,0.8676263657485052,1.8948979461674158,0.45787498345404276,cdki,set3_timelapse_cdki_cell_4,Expt2020_017_setIII_STLC_GM132_RO3306_mKate2-Astrin_Nuf2-GFP_GFP_timelapse_06_R3D_D3D
885,885,38_15,52,12922.980769230771,Expt2020_017_setIII_STLC_GM132_RO3306_mKate2-Astrin_Nuf2-GFP_GFP_timelapse_06_R3D_D3D_Z1_C0_T18.tif,6326.396112385074,5007.89,4822.903846153846,Expt2020_017_setIII_STLC_GM132_RO3306_mKate2-Astrin_Nuf2-GFP_GFP_timelapse_06_R3D_D3D_Z1_C1_T18.tif,4240.160448358687,4270.9025,1.1374342798798407,2.042708129503886,0.5568266280685387,cdki,set3_timelapse_cdki_cell_4,Expt2020_017_setIII_STLC_GM132_RO3306_mKate2-Astrin_Nuf2-GFP_GFP_timelapse_06_R3D_D3D
886,886,38_16,51,14610.235294117649,Expt2020_017_setIII_STLC_GM132_RO3306_mKate2-Astrin_Nuf2-GFP_GFP_timelapse_06_R3D_D3D_Z1_C0_T18.tif,6326.396112385074,5007.89,4933.196078431372,Expt2020_017_setIII_STLC_GM132_RO3306_mKate2-Astrin_Nuf2-GFP_GFP_timelapse_06_R3D_D3D_Z1_C1_T18.tif,4240.160448358687,4270.9025,1.1634456145028547,2.309408869532442,0.5037850290833963,cdki,set3_timelapse_cdki_cell_4,Expt2020_017_setIII_STLC_GM132_RO3306_mKate2-Astrin_Nuf2-GFP_GFP_timelapse_06_R3D_D3D
887,887,38_17,120,14155.225,Expt2020_017_setIII_STLC_GM132_RO3306_mKate2-Astrin_Nuf2-GFP_GFP_timelapse_06_R3D_D3D_Z1_C0_T18.tif,6326.396112385074,5007.89,4763.258333333333,Expt2020_017_setIII_STLC_GM132_RO3306_mKate2-Astrin_Nuf2-GFP_GFP_timelapse_06_R3D_D3D_Z1_C1_T18.tif,4240.160448358687,4270.9025,1.1233674742608222,2.2374863585112172,0.5020667366250628,cdki,set3_timelapse_cdki_cell_4,Expt2020_017_setIII_STLC_GM132_RO3306_mKate2-Astrin_Nuf2-GFP_GFP_timelapse_06_R3D_D3D
888,888,38_18,21,12484.809523809525,Expt2020_017_setIII_STLC_GM132_RO3306_mKate2-Astrin_Nuf2-GFP_GFP_timelapse_06_R3D_D3D_Z1_C0_T18.tif,6326.396112385074,5007.89,4730.238095238095,Expt2020_017_setIII_STLC_GM132_RO3306_mKate2-Astrin_Nuf2-GFP_GFP_timelapse_06_R3D_D3D_Z1_C1_T18.tif,4240.160448358687,4270.9025,1.1155799769485402,1.9734473311540253,0.5652950343986001,cdki,set3_timelapse_cdki_cell_4,Expt2020_017_setIII_STLC_GM132_RO3306_mKate2-Astrin_Nuf2-GFP_GFP_timelapse_06_R3D_D3D
889,889,38_19,59,13553.915254237287,Expt2020_017_setIII_STLC_GM132_RO3306_mKate2-Astrin_Nuf2-GFP_GFP_timelapse_06_R3D_D3D_Z1_C0_T18.tif,6326.396112385074,5007.89,4878.440677966101,Expt2020_017_setIII_STLC_GM132_RO3306_mKate2-Astrin_Nuf2-GFP_GFP_timelapse_06_R3D_D3D_Z1_C1_T18.tif,4240.160448358687,4270.9025,1.150532093627373,2.142438603821064,0.5370198667888946,cdki,set3_timelapse_cdki_cell_4,Expt2020_017_setIII_STLC_GM132_RO3306_mKate2-Astrin_Nuf2-GFP_GFP_timelapse_06_R3D_D3D
892,892,39_1,35,13738.34285714286,Expt2020_017_setIII_STLC_GM132_RO3306_mKate2-Astrin_Nuf2-GFP_GFP_timelapse_06_R3D_D3D_Z1_C0_T19.tif,6271.973392506967,4972.9225,4217.314285714286,Expt2020_017_setIII_STLC_GM132_RO3306_mKate2-Astrin_Nuf2-GFP_GFP_timelapse_06_R3D_D3D_Z1_C1_T19.tif,4188.465642237983,4227.925,1.0068876399952724,2.190433855085523,0.459674980669964,cdki,set3_timelapse_cdki_cell_4,Expt2020_017_setIII_STLC_GM132_RO3306_mKate2-Astrin_Nuf2-GFP_GFP_timelapse_06_R3D_D3D
893,893,39_2,45,13752.311111111108,Expt2020_017_setIII_STLC_GM132_RO3306_mKate2-Astrin_Nuf2-GFP_GFP_timelapse_06_R3D_D3D_Z1_C0_T19.tif,6271.973392506967,4972.9225,4397.266666666666,Expt2020_017_setIII_STLC_GM132_RO3306_mKate2-Astrin_Nuf2-GFP_GFP_timelapse_06_R3D_D3D_Z1_C1_T19.tif,4188.465642237983,4227.925,1.0498514354094395,2.1926609458421473,0.4788024511496999,cdki,set3_timelapse_cdki_cell_4,Expt2020_017_setIII_STLC_GM132_RO3306_mKate2-Astrin_Nuf2-GFP_GFP_timelapse_06_R3D_D3D
894,894,39_3,64,14534.09375,Expt2020_017_setIII_STLC_GM132_RO3306_mKate2-Astrin_Nuf2-GFP_GFP_timelapse_06_R3D_D3D_Z1_C0_T19.tif,6271.973392506967,4972.9225,4873.984375,Expt2020_017_setIII_STLC_GM132_RO3306_mKate2-Astrin_Nuf2-GFP_GFP_timelapse_06_R3D_D3D_Z1_C1_T19.tif,4188.465642237983,4227.925,1.1636682239550926,2.317307941287453,0.5021638269226232,cdki,set3_timelapse_cdki_cell_4,Expt2020_017_setIII_STLC_GM132_RO3306_mKate2-Astrin_Nuf2-GFP_GFP_timelapse_06_R3D_D3D
895,895,39_4,81,14264.888888888889,Expt2020_017_setIII_STLC_GM132_RO3306_mKate2-Astrin_Nuf2-GFP_GFP_timelapse_06_R3D_D3D_Z1_C0_T19.tif,6271.973392506967,4972.9225,4721.913580246914,Expt2020_017_setIII_STLC_GM132_RO3306_mKate2-Astrin_Nuf2-GFP_GFP_timelapse_06_R3D_D3D_Z1_C1_T19.tif,4188.465642237983,4227.925,1.1273611827275007,2.2743860657844848,0.4956771410480171,cdki,set3_timelapse_cdki_cell_4,Expt2020_017_setIII_STLC_GM132_RO3306_mKate2-Astrin_Nuf2-GFP_GFP_timelapse_06_R3D_D3D
897,897,39_6,50,14287.94,Expt2020_017_setIII_STLC_GM132_RO3306_mKate2-Astrin_Nuf2-GFP_GFP_timelapse_06_R3D_D3D_Z1_C0_T19.tif,6271.973392506967,4972.9225,4453.82,Expt2020_017_setIII_STLC_GM132_RO3306_mKate2-Astrin_Nuf2-GFP_GFP_timelapse_06_R3D_D3D_Z1_C1_T19.tif,4188.465642237983,4227.925,1.063353595427903,2.2780613223056063,0.46678005768154296,cdki,set3_timelapse_cdki_cell_4,Expt2020_017_setIII_STLC_GM132_RO3306_mKate2-Astrin_Nuf2-GFP_GFP_timelapse_06_R3D_D3D
898,898,39_7,87,14299.022988505747,Expt2020_017_setIII_STLC_GM132_RO3306_mKate2-Astrin_Nuf2-GFP_GFP_timelapse_06_R3D_D3D_Z1_C0_T19.tif,6271.973392506967,4972.9225,5200.5862068965525,Expt2020_017_setIII_STLC_GM132_RO3306_mKate2-Astrin_Nuf2-GFP_GFP_timelapse_06_R3D_D3D_Z1_C1_T19.tif,4188.465642237983,4227.925,1.2416447098078076,2.279828387918319,0.544622005931568,cdki,set3_timelapse_cdki_cell_4,Expt2020_017_setIII_STLC_GM132_RO3306_mKate2-Astrin_Nuf2-GFP_GFP_timelapse_06_R3D_D3D
899,899,39_8,24,12637.166666666664,Expt2020_017_setIII_STLC_GM132_RO3306_mKate2-Astrin_Nuf2-GFP_GFP_timelapse_06_R3D_D3D_Z1_C0_T19.tif,6271.973392506967,4972.9225,5205.375,Expt2020_017_setIII_STLC_GM132_RO3306_mKate2-Astrin_Nuf2-GFP_GFP_timelapse_06_R3D_D3D_Z1_C1_T19.tif,4188.465642237983,4227.925,1.2427880385378216,2.0148629268364084,0.6168102167074746,cdki,set3_timelapse_cdki_cell_4,Expt2020_017_setIII_STLC_GM132_RO3306_mKate2-Astrin_Nuf2-GFP_GFP_timelapse_06_R3D_D3D
900,900,39_9,56,13123.0,Expt2020_017_setIII_STLC_GM132_RO3306_mKate2-Astrin_Nuf2-GFP_GFP_timelapse_06_R3D_D3D_Z1_C0_T19.tif,6271.973392506967,4972.9225,4525.821428571428,Expt2020_017_setIII_STLC_GM132_RO3306_mKate2-Astrin_Nuf2-GFP_GFP_timelapse_06_R3D_D3D_Z1_C1_T19.tif,4188.465642237983,4227.925,1.0805440023027595,2.092323927215293,0.5164324645184709,cdki,set3_timelapse_cdki_cell_4,Expt2020_017_setIII_STLC_GM132_RO3306_mKate2-Astrin_Nuf2-GFP_GFP_timelapse_06_R3D_D3D
901,901,39_10,23,12532.91304347826,Expt2020_017_setIII_STLC_GM132_RO3306_mKate2-Astrin_Nuf2-GFP_GFP_timelapse_06_R3D_D3D_Z1_C0_T19.tif,6271.973392506967,4972.9225,4225.04347826087,Expt2020_017_setIII_STLC_GM132_RO3306_mKate2-Astrin_Nuf2-GFP_GFP_timelapse_06_R3D_D3D_Z1_C1_T19.tif,4188.465642237983,4227.925,1.0087329917796204,1.9982407862972034,0.5048105306912642,cdki,set3_timelapse_cdki_cell_4,Expt2020_017_setIII_STLC_GM132_RO3306_mKate2-Astrin_Nuf2-GFP_GFP_timelapse_06_R3D_D3D
902,902,39_11,30,13143.566666666668,Expt2020_017_setIII_STLC_GM132_RO3306_mKate2-Astrin_Nuf2-GFP_GFP_timelapse_06_R3D_D3D_Z1_C0_T19.tif,6271.973392506967,4972.9225,5473.4,Expt2020_017_setIII_STLC_GM132_RO3306_mKate2-Astrin_Nuf2-GFP_GFP_timelapse_06_R3D_D3D_Z1_C1_T19.tif,4188.465642237983,4227.925,1.306779252240792,2.095603065275929,0.6235814758501165,cdki,set3_timelapse_cdki_cell_4,Expt2020_017_setIII_STLC_GM132_RO3306_mKate2-Astrin_Nuf2-GFP_GFP_timelapse_06_R3D_D3D
903,903,39_12,29,14008.068965517241,Expt2020_017_setIII_STLC_GM132_RO3306_mKate2-Astrin_Nuf2-GFP_GFP_timelapse_06_R3D_D3D_Z1_C0_T19.tif,6271.973392506967,4972.9225,4701.5862068965525,Expt2020_017_setIII_STLC_GM132_RO3306_mKate2-Astrin_Nuf2-GFP_GFP_timelapse_06_R3D_D3D_Z1_C1_T19.tif,4188.465642237983,4227.925,1.1225080037625421,2.2334388379664483,0.5025917811945048,cdki,set3_timelapse_cdki_cell_4,Expt2020_017_setIII_STLC_GM132_RO3306_mKate2-Astrin_Nuf2-GFP_GFP_timelapse_06_R3D_D3D
904,904,39_13,32,14169.9375,Expt2020_017_setIII_STLC_GM132_RO3306_mKate2-Astrin_Nuf2-GFP_GFP_timelapse_06_R3D_D3D_Z1_C0_T19.tif,6271.973392506967,4972.9225,4572.40625,Expt2020_017_setIII_STLC_GM132_RO3306_mKate2-Astrin_Nuf2-GFP_GFP_timelapse_06_R3D_D3D_Z1_C1_T19.tif,4188.465642237983,4227.925,1.091666170993555,2.2592470683833916,0.483199109238946,cdki,set3_timelapse_cdki_cell_4,Expt2020_017_setIII_STLC_GM132_RO3306_mKate2-Astrin_Nuf2-GFP_GFP_timelapse_06_R3D_D3D
905,905,39_14,52,12928.192307692307,Expt2020_017_setIII_STLC_GM132_RO3306_mKate2-Astrin_Nuf2-GFP_GFP_timelapse_06_R3D_D3D_Z1_C0_T19.tif,6271.973392506967,4972.9225,4888.403846153846,Expt2020_017_setIII_STLC_GM132_RO3306_mKate2-Astrin_Nuf2-GFP_GFP_timelapse_06_R3D_D3D_Z1_C1_T19.tif,4188.465642237983,4227.925,1.1671108858712929,2.061263895528866,0.5662112883279523,cdki,set3_timelapse_cdki_cell_4,Expt2020_017_setIII_STLC_GM132_RO3306_mKate2-Astrin_Nuf2-GFP_GFP_timelapse_06_R3D_D3D
906,906,39_15,50,14719.98,Expt2020_017_setIII_STLC_GM132_RO3306_mKate2-Astrin_Nuf2-GFP_GFP_timelapse_06_R3D_D3D_Z1_C0_T19.tif,6271.973392506967,4972.9225,4730.96,Expt2020_017_setIII_STLC_GM132_RO3306_mKate2-Astrin_Nuf2-GFP_GFP_timelapse_06_R3D_D3D_Z1_C1_T19.tif,4188.465642237983,4227.925,1.1295210237112394,2.34694554310223,0.48127278753056213,cdki,set3_timelapse_cdki_cell_4,Expt2020_017_setIII_STLC_GM132_RO3306_mKate2-Astrin_Nuf2-GFP_GFP_timelapse_06_R3D_D3D
907,907,39_16,98,14845.510204081631,Expt2020_017_setIII_STLC_GM132_RO3306_mKate2-Astrin_Nuf2-GFP_GFP_timelapse_06_R3D_D3D_Z1_C0_T19.tif,6271.973392506967,4972.9225,4720.040816326531,Expt2020_017_setIII_STLC_GM132_RO3306_mKate2-Astrin_Nuf2-GFP_GFP_timelapse_06_R3D_D3D_Z1_C1_T19.tif,4188.465642237983,4227.925,1.126914058629956,2.3669600100372463,0.47610185801669835,cdki,set3_timelapse_cdki_cell_4,Expt2020_017_setIII_STLC_GM132_RO3306_mKate2-Astrin_Nuf2-GFP_GFP_timelapse_06_R3D_D3D
908,908,39_17,53,14671.811320754718,Expt2020_017_setIII_STLC_GM132_RO3306_mKate2-Astrin_Nuf2-GFP_GFP_timelapse_06_R3D_D3D_Z1_C0_T19.tif,6271.973392506967,4972.9225,4719.528301886792,Expt2020_017_setIII_STLC_GM132_RO3306_mKate2-Astrin_Nuf2-GFP_GFP_timelapse_06_R3D_D3D_Z1_C1_T19.tif,4188.465642237983,4227.925,1.126791695339072,2.3392655552848667,0.48168609707154675,cdki,set3_timelapse_cdki_cell_4,Expt2020_017_setIII_STLC_GM132_RO3306_mKate2-Astrin_Nuf2-GFP_GFP_timelapse_06_R3D_D3D
911,911,40_1,34,16052.64705882353,Expt2020_017_setIII_STLC_GM132_RO3306_mKate2-Astrin_Nuf2-GFP_GFP_timelapse_06_R3D_D3D_Z2_C0_T00.tif,7368.747332097898,5659.045,5423.0,Expt2020_017_setIII_STLC_GM132_RO3306_mKate2-Astrin_Nuf2-GFP_GFP_timelapse_06_R3D_D3D_Z2_C1_T00.tif,6087.12358533273,5709.68,0.8908969768688493,2.178477064737855,0.4089540309096871,cdki,set3_timelapse_cdki_cell_4,Expt2020_017_setIII_STLC_GM132_RO3306_mKate2-Astrin_Nuf2-GFP_GFP_timelapse_06_R3D_D3D
912,912,40_2,16,15876.0625,Expt2020_017_setIII_STLC_GM132_RO3306_mKate2-Astrin_Nuf2-GFP_GFP_timelapse_06_R3D_D3D_Z2_C0_T00.tif,7368.747332097898,5659.045,7948.8125,Expt2020_017_setIII_STLC_GM132_RO3306_mKate2-Astrin_Nuf2-GFP_GFP_timelapse_06_R3D_D3D_Z2_C1_T00.tif,6087.12358533273,5709.68,1.305840498976087,2.154513078613058,0.6060954152186935,cdki,set3_timelapse_cdki_cell_4,Expt2020_017_setIII_STLC_GM132_RO3306_mKate2-Astrin_Nuf2-GFP_GFP_timelapse_06_R3D_D3D
913,913,40_3,12,16518.75,Expt2020_017_setIII_STLC_GM132_RO3306_mKate2-Astrin_Nuf2-GFP_GFP_timelapse_06_R3D_D3D_Z2_C0_T00.tif,7368.747332097898,5659.045,4178.75,Expt2020_017_setIII_STLC_GM132_RO3306_mKate2-Astrin_Nuf2-GFP_GFP_timelapse_06_R3D_D3D_Z2_C1_T00.tif,6087.12358533273,5709.68,0.6864900870534214,2.2417310915310047,0.3062321300029695,cdki,set3_timelapse_cdki_cell_4,Expt2020_017_setIII_STLC_GM132_RO3306_mKate2-Astrin_Nuf2-GFP_GFP_timelapse_06_R3D_D3D
914,914,40_4,30,16778.833333333332,Expt2020_017_setIII_STLC_GM132_RO3306_mKate2-Astrin_Nuf2-GFP_GFP_timelapse_06_R3D_D3D_Z2_C0_T00.tif,7368.747332097898,5659.045,5886.666666666668,Expt2020_017_setIII_STLC_GM132_RO3306_mKate2-Astrin_Nuf2-GFP_GFP_timelapse_06_R3D_D3D_Z2_C1_T00.tif,6087.12358533273,5709.68,0.967068695771337,2.277026552429823,0.4247068154472659,cdki,set3_timelapse_cdki_cell_4,Expt2020_017_setIII_STLC_GM132_RO3306_mKate2-Astrin_Nuf2-GFP_GFP_timelapse_06_R3D_D3D
915,915,40_5,22,16598.863636363636,Expt2020_017_setIII_STLC_GM132_RO3306_mKate2-Astrin_Nuf2-GFP_GFP_timelapse_06_R3D_D3D_Z2_C0_T00.tif,7368.747332097898,5659.045,5701.363636363636,Expt2020_017_setIII_STLC_GM132_RO3306_mKate2-Astrin_Nuf2-GFP_GFP_timelapse_06_R3D_D3D_Z2_C1_T00.tif,6087.12358533273,5709.68,0.9366268905894067,2.2526031750416804,0.41579755412183333,cdki,set3_timelapse_cdki_cell_4,Expt2020_017_setIII_STLC_GM132_RO3306_mKate2-Astrin_Nuf2-GFP_GFP_timelapse_06_R3D_D3D
916,916,40_6,23,15355.652173913044,Expt2020_017_setIII_STLC_GM132_RO3306_mKate2-Astrin_Nuf2-GFP_GFP_timelapse_06_R3D_D3D_Z2_C0_T00.tif,7368.747332097898,5659.045,4789.347826086957,Expt2020_017_setIII_STLC_GM132_RO3306_mKate2-Astrin_Nuf2-GFP_GFP_timelapse_06_R3D_D3D_Z2_C1_T00.tif,6087.12358533273,5709.68,0.7867998339358778,2.0838890902154543,0.3775632002826649,cdki,set3_timelapse_cdki_cell_4,Expt2020_017_setIII_STLC_GM132_RO3306_mKate2-Astrin_Nuf2-GFP_GFP_timelapse_06_R3D_D3D
917,917,40_7,8,15886.125,Expt2020_017_setIII_STLC_GM132_RO3306_mKate2-Astrin_Nuf2-GFP_GFP_timelapse_06_R3D_D3D_Z2_C0_T00.tif,7368.747332097898,5659.045,4568.875,Expt2020_017_setIII_STLC_GM132_RO3306_mKate2-Astrin_Nuf2-GFP_GFP_timelapse_06_R3D_D3D_Z2_C1_T00.tif,6087.12358533273,5709.68,0.750580292308992,2.155878643144789,0.34815516851826017,cdki,set3_timelapse_cdki_cell_4,Expt2020_017_setIII_STLC_GM132_RO3306_mKate2-Astrin_Nuf2-GFP_GFP_timelapse_06_R3D_D3D
918,918,40_8,21,15417.047619047617,Expt2020_017_setIII_STLC_GM132_RO3306_mKate2-Astrin_Nuf2-GFP_GFP_timelapse_06_R3D_D3D_Z2_C0_T00.tif,7368.747332097898,5659.045,5235.952380952381,Expt2020_017_setIII_STLC_GM132_RO3306_mKate2-Astrin_Nuf2-GFP_GFP_timelapse_06_R3D_D3D_Z2_C1_T00.tif,6087.12358533273,5709.68,0.8601685685450359,2.0922209602562596,0.41112701998725826,cdki,set3_timelapse_cdki_cell_4,Expt2020_017_setIII_STLC_GM132_RO3306_mKate2-Astrin_Nuf2-GFP_GFP_timelapse_06_R3D_D3D
919,919,40_9,16,16420.1875,Expt2020_017_setIII_STLC_GM132_RO3306_mKate2-Astrin_Nuf2-GFP_GFP_timelapse_06_R3D_D3D_Z2_C0_T00.tif,7368.747332097898,5659.045,4012.375,Expt2020_017_setIII_STLC_GM132_RO3306_mKate2-Astrin_Nuf2-GFP_GFP_timelapse_06_R3D_D3D_Z2_C1_T00.tif,6087.12358533273,5709.68,0.6591578015054673,2.2283553445338637,0.29580461802125757,cdki,set3_timelapse_cdki_cell_4,Expt2020_017_setIII_STLC_GM132_RO3306_mKate2-Astrin_Nuf2-GFP_GFP_timelapse_06_R3D_D3D
920,920,40_10,10,16885.0,Expt2020_017_setIII_STLC_GM132_RO3306_mKate2-Astrin_Nuf2-GFP_GFP_timelapse_06_R3D_D3D_Z2_C0_T00.tif,7368.747332097898,5659.045,5788.9,Expt2020_017_setIII_STLC_GM132_RO3306_mKate2-Astrin_Nuf2-GFP_GFP_timelapse_06_R3D_D3D_Z2_C1_T00.tif,6087.12358533273,5709.68,0.9510074699236735,2.2914342477791005,0.4150271694880214,cdki,set3_timelapse_cdki_cell_4,Expt2020_017_setIII_STLC_GM132_RO3306_mKate2-Astrin_Nuf2-GFP_GFP_timelapse_06_R3D_D3D
921,921,40_11,30,16972.733333333334,Expt2020_017_setIII_STLC_GM132_RO3306_mKate2-Astrin_Nuf2-GFP_GFP_timelapse_06_R3D_D3D_Z2_C0_T00.tif,7368.747332097898,5659.045,6937.966666666666,Expt2020_017_setIII_STLC_GM132_RO3306_mKate2-Astrin_Nuf2-GFP_GFP_timelapse_06_R3D_D3D_Z2_C1_T00.tif,6087.12358533273,5709.68,1.139777527005381,2.303340387232569,0.4948367741577299,cdki,set3_timelapse_cdki_cell_4,Expt2020_017_setIII_STLC_GM132_RO3306_mKate2-Astrin_Nuf2-GFP_GFP_timelapse_06_R3D_D3D
922,922,40_12,57,21250.38596491228,Expt2020_017_setIII_STLC_GM132_RO3306_mKate2-Astrin_Nuf2-GFP_GFP_timelapse_06_R3D_D3D_Z2_C0_T00.tif,7368.747332097898,5659.045,7230.701754385966,Expt2020_017_setIII_STLC_GM132_RO3306_mKate2-Astrin_Nuf2-GFP_GFP_timelapse_06_R3D_D3D_Z2_C1_T00.tif,6087.12358533273,5709.68,1.1878684000779534,2.883853253095903,0.4119032058246171,cdki,set3_timelapse_cdki_cell_4,Expt2020_017_setIII_STLC_GM132_RO3306_mKate2-Astrin_Nuf2-GFP_GFP_timelapse_06_R3D_D3D
923,923,40_13,16,16429.3125,Expt2020_017_setIII_STLC_GM132_RO3306_mKate2-Astrin_Nuf2-GFP_GFP_timelapse_06_R3D_D3D_Z2_C0_T00.tif,7368.747332097898,5659.045,6297.875,Expt2020_017_setIII_STLC_GM132_RO3306_mKate2-Astrin_Nuf2-GFP_GFP_timelapse_06_R3D_D3D_Z2_C1_T00.tif,6087.12358533273,5709.68,1.0346224964406978,2.2295936825564273,0.46404082705078853,cdki,set3_timelapse_cdki_cell_4,Expt2020_017_setIII_STLC_GM132_RO3306_mKate2-Astrin_Nuf2-GFP_GFP_timelapse_06_R3D_D3D
925,925,40_15,48,21158.541666666668,Expt2020_017_setIII_STLC_GM132_RO3306_mKate2-Astrin_Nuf2-GFP_GFP_timelapse_06_R3D_D3D_Z2_C0_T00.tif,7368.747332097898,5659.045,10154.666666666666,Expt2020_017_setIII_STLC_GM132_RO3306_mKate2-Astrin_Nuf2-GFP_GFP_timelapse_06_R3D_D3D_Z2_C1_T00.tif,6087.12358533273,5709.68,1.6682208804064553,2.871389221679662,0.5809804076058364,cdki,set3_timelapse_cdki_cell_4,Expt2020_017_setIII_STLC_GM132_RO3306_mKate2-Astrin_Nuf2-GFP_GFP_timelapse_06_R3D_D3D
926,926,40_16,22,16102.636363636364,Expt2020_017_setIII_STLC_GM132_RO3306_mKate2-Astrin_Nuf2-GFP_GFP_timelapse_06_R3D_D3D_Z2_C0_T00.tif,7368.747332097898,5659.045,7336.727272727273,Expt2020_017_setIII_STLC_GM132_RO3306_mKate2-Astrin_Nuf2-GFP_GFP_timelapse_06_R3D_D3D_Z2_C1_T00.tif,6087.12358533273,5709.68,1.2052864000339232,2.1852610271347044,0.551552599468762,cdki,set3_timelapse_cdki_cell_4,Expt2020_017_setIII_STLC_GM132_RO3306_mKate2-Astrin_Nuf2-GFP_GFP_timelapse_06_R3D_D3D
927,927,40_17,43,19788.06976744186,Expt2020_017_setIII_STLC_GM132_RO3306_mKate2-Astrin_Nuf2-GFP_GFP_timelapse_06_R3D_D3D_Z2_C0_T00.tif,7368.747332097898,5659.045,7775.627906976744,Expt2020_017_setIII_STLC_GM132_RO3306_mKate2-Astrin_Nuf2-GFP_GFP_timelapse_06_R3D_D3D_Z2_C1_T00.tif,6087.12358533273,5709.68,1.2773895252780083,2.6854048423191292,0.4756785662808473,cdki,set3_timelapse_cdki_cell_4,Expt2020_017_setIII_STLC_GM132_RO3306_mKate2-Astrin_Nuf2-GFP_GFP_timelapse_06_R3D_D3D
928,928,40_18,52,18775.403846153848,Expt2020_017_setIII_STLC_GM132_RO3306_mKate2-Astrin_Nuf2-GFP_GFP_timelapse_06_R3D_D3D_Z2_C0_T00.tif,7368.747332097898,5659.045,8406.673076923076,Expt2020_017_setIII_STLC_GM132_RO3306_mKate2-Astrin_Nuf2-GFP_GFP_timelapse_06_R3D_D3D_Z2_C1_T00.tif,6087.12358533273,5709.68,1.3810583864568533,2.5479776955262285,0.542021379889523,cdki,set3_timelapse_cdki_cell_4,Expt2020_017_setIII_STLC_GM132_RO3306_mKate2-Astrin_Nuf2-GFP_GFP_timelapse_06_R3D_D3D
929,929,40_19,26,17055.46153846154,Expt2020_017_setIII_STLC_GM132_RO3306_mKate2-Astrin_Nuf2-GFP_GFP_timelapse_06_R3D_D3D_Z2_C0_T00.tif,7368.747332097898,5659.045,8728.576923076924,Expt2020_017_setIII_STLC_GM132_RO3306_mKate2-Astrin_Nuf2-GFP_GFP_timelapse_06_R3D_D3D_Z2_C1_T00.tif,6087.12358533273,5709.68,1.4339411383249925,2.314567289363932,0.6195288185892642,cdki,set3_timelapse_cdki_cell_4,Expt2020_017_setIII_STLC_GM132_RO3306_mKate2-Astrin_Nuf2-GFP_GFP_timelapse_06_R3D_D3D
930,930,40_20,16,15090.3125,Expt2020_017_setIII_STLC_GM132_RO3306_mKate2-Astrin_Nuf2-GFP_GFP_timelapse_06_R3D_D3D_Z2_C0_T00.tif,7368.747332097898,5659.045,6775.8125,Expt2020_017_setIII_STLC_GM132_RO3306_mKate2-Astrin_Nuf2-GFP_GFP_timelapse_06_R3D_D3D_Z2_C1_T00.tif,6087.12358533273,5709.68,1.1131386450452074,2.047880300396154,0.5435564983118767,cdki,set3_timelapse_cdki_cell_4,Expt2020_017_setIII_STLC_GM132_RO3306_mKate2-Astrin_Nuf2-GFP_GFP_timelapse_06_R3D_D3D
931,931,40_21,21,15787.952380952383,Expt2020_017_setIII_STLC_GM132_RO3306_mKate2-Astrin_Nuf2-GFP_GFP_timelapse_06_R3D_D3D_Z2_C0_T00.tif,7368.747332097898,5659.045,6208.047619047618,Expt2020_017_setIII_STLC_GM132_RO3306_mKate2-Astrin_Nuf2-GFP_GFP_timelapse_06_R3D_D3D_Z2_C1_T00.tif,6087.12358533273,5709.68,1.0198655460201698,2.1425558062197148,0.4760041923106784,cdki,set3_timelapse_cdki_cell_4,Expt2020_017_setIII_STLC_GM132_RO3306_mKate2-Astrin_Nuf2-GFP_GFP_timelapse_06_R3D_D3D
932,932,40_22,32,18253.40625,Expt2020_017_setIII_STLC_GM132_RO3306_mKate2-Astrin_Nuf2-GFP_GFP_timelapse_06_R3D_D3D_Z2_C0_T00.tif,7368.747332097898,5659.045,7993.25,Expt2020_017_setIII_STLC_GM132_RO3306_mKate2-Astrin_Nuf2-GFP_GFP_timelapse_06_R3D_D3D_Z2_C1_T00.tif,6087.12358533273,5709.68,1.3131407450409238,2.4771383014435937,0.530103928503172,cdki,set3_timelapse_cdki_cell_4,Expt2020_017_setIII_STLC_GM132_RO3306_mKate2-Astrin_Nuf2-GFP_GFP_timelapse_06_R3D_D3D
933,933,40_23,8,16182.5,Expt2020_017_setIII_STLC_GM132_RO3306_mKate2-Astrin_Nuf2-GFP_GFP_timelapse_06_R3D_D3D_Z2_C0_T00.tif,7368.747332097898,5659.045,8181.375,Expt2020_017_setIII_STLC_GM132_RO3306_mKate2-Astrin_Nuf2-GFP_GFP_timelapse_06_R3D_D3D_Z2_C1_T00.tif,6087.12358533273,5709.68,1.3440461468062663,2.1960991835762687,0.612015229939449,cdki,set3_timelapse_cdki_cell_4,Expt2020_017_setIII_STLC_GM132_RO3306_mKate2-Astrin_Nuf2-GFP_GFP_timelapse_06_R3D_D3D
934,934,40_24,30,18084.6,Expt2020_017_setIII_STLC_GM132_RO3306_mKate2-Astrin_Nuf2-GFP_GFP_timelapse_06_R3D_D3D_Z2_C0_T00.tif,7368.747332097898,5659.045,8623.533333333333,Expt2020_017_setIII_STLC_GM132_RO3306_mKate2-Astrin_Nuf2-GFP_GFP_timelapse_06_R3D_D3D_Z2_C1_T00.tif,6087.12358533273,5709.68,1.4166844507826695,2.454229896202897,0.5772419498982213,cdki,set3_timelapse_cdki_cell_4,Expt2020_017_setIII_STLC_GM132_RO3306_mKate2-Astrin_Nuf2-GFP_GFP_timelapse_06_R3D_D3D
937,937,40_27,26,20151.92307692308,Expt2020_017_setIII_STLC_GM132_RO3306_mKate2-Astrin_Nuf2-GFP_GFP_timelapse_06_R3D_D3D_Z2_C0_T00.tif,7368.747332097898,5659.045,9404.076923076924,Expt2020_017_setIII_STLC_GM132_RO3306_mKate2-Astrin_Nuf2-GFP_GFP_timelapse_06_R3D_D3D_Z2_C1_T00.tif,6087.12358533273,5709.68,1.5449130925707804,2.7347827478277487,0.5649125488296693,cdki,set3_timelapse_cdki_cell_4,Expt2020_017_setIII_STLC_GM132_RO3306_mKate2-Astrin_Nuf2-GFP_GFP_timelapse_06_R3D_D3D
938,938,40_28,48,18860.229166666668,Expt2020_017_setIII_STLC_GM132_RO3306_mKate2-Astrin_Nuf2-GFP_GFP_timelapse_06_R3D_D3D_Z2_C0_T00.tif,7368.747332097898,5659.045,8199.145833333334,Expt2020_017_setIII_STLC_GM132_RO3306_mKate2-Astrin_Nuf2-GFP_GFP_timelapse_06_R3D_D3D_Z2_C1_T00.tif,6087.12358533273,5709.68,1.3469655607271787,2.559489193571945,0.5262634294803936,cdki,set3_timelapse_cdki_cell_4,Expt2020_017_setIII_STLC_GM132_RO3306_mKate2-Astrin_Nuf2-GFP_GFP_timelapse_06_R3D_D3D
939,939,40_29,32,17013.1875,Expt2020_017_setIII_STLC_GM132_RO3306_mKate2-Astrin_Nuf2-GFP_GFP_timelapse_06_R3D_D3D_Z2_C0_T00.tif,7368.747332097898,5659.045,6147.875,Expt2020_017_setIII_STLC_GM132_RO3306_mKate2-Astrin_Nuf2-GFP_GFP_timelapse_06_R3D_D3D_Z2_C1_T00.tif,6087.12358533273,5709.68,1.0099803156311224,2.308830352465934,0.43744241085206553,cdki,set3_timelapse_cdki_cell_4,Expt2020_017_setIII_STLC_GM132_RO3306_mKate2-Astrin_Nuf2-GFP_GFP_timelapse_06_R3D_D3D
940,940,40_30,55,17739.254545454547,Expt2020_017_setIII_STLC_GM132_RO3306_mKate2-Astrin_Nuf2-GFP_GFP_timelapse_06_R3D_D3D_Z2_C0_T00.tif,7368.747332097898,5659.045,7170.927272727273,Expt2020_017_setIII_STLC_GM132_RO3306_mKate2-Astrin_Nuf2-GFP_GFP_timelapse_06_R3D_D3D_Z2_C1_T00.tif,6087.12358533273,5709.68,1.1780485761790724,2.407363659788311,0.4893521472707879,cdki,set3_timelapse_cdki_cell_4,Expt2020_017_setIII_STLC_GM132_RO3306_mKate2-Astrin_Nuf2-GFP_GFP_timelapse_06_R3D_D3D
941,941,40_31,32,18328.4375,Expt2020_017_setIII_STLC_GM132_RO3306_mKate2-Astrin_Nuf2-GFP_GFP_timelapse_06_R3D_D3D_Z2_C0_T00.tif,7368.747332097898,5659.045,6426.9375,Expt2020_017_setIII_STLC_GM132_RO3306_mKate2-Astrin_Nuf2-GFP_GFP_timelapse_06_R3D_D3D_Z2_C1_T00.tif,6087.12358533273,5709.68,1.05582503951227,2.4873206630606313,0.42448288039109694,cdki,set3_timelapse_cdki_cell_4,Expt2020_017_setIII_STLC_GM132_RO3306_mKate2-Astrin_Nuf2-GFP_GFP_timelapse_06_R3D_D3D
942,942,41_1,32,13989.125,Expt2020_017_setIII_STLC_GM132_RO3306_mKate2-Astrin_Nuf2-GFP_GFP_timelapse_06_R3D_D3D_Z2_C0_T01.tif,7151.224574921988,5559.9975,5635.8125,Expt2020_017_setIII_STLC_GM132_RO3306_mKate2-Astrin_Nuf2-GFP_GFP_timelapse_06_R3D_D3D_Z2_C1_T01.tif,6205.943640720689,5753.2075,0.9081314343591944,1.9561859445803527,0.4642357424534147,cdki,set3_timelapse_cdki_cell_4,Expt2020_017_setIII_STLC_GM132_RO3306_mKate2-Astrin_Nuf2-GFP_GFP_timelapse_06_R3D_D3D
943,943,41_2,12,13834.166666666664,Expt2020_017_setIII_STLC_GM132_RO3306_mKate2-Astrin_Nuf2-GFP_GFP_timelapse_06_R3D_D3D_Z2_C0_T01.tif,7151.224574921988,5559.9975,3482.416666666666,Expt2020_017_setIII_STLC_GM132_RO3306_mKate2-Astrin_Nuf2-GFP_GFP_timelapse_06_R3D_D3D_Z2_C1_T01.tif,6205.943640720689,5753.2075,0.5611421676175998,1.9345171616034138,0.2900683326854026,cdki,set3_timelapse_cdki_cell_4,Expt2020_017_setIII_STLC_GM132_RO3306_mKate2-Astrin_Nuf2-GFP_GFP_timelapse_06_R3D_D3D
944,944,41_3,12,13756.166666666664,Expt2020_017_setIII_STLC_GM132_RO3306_mKate2-Astrin_Nuf2-GFP_GFP_timelapse_06_R3D_D3D_Z2_C0_T01.tif,7151.224574921988,5559.9975,5923.0,Expt2020_017_setIII_STLC_GM132_RO3306_mKate2-Astrin_Nuf2-GFP_GFP_timelapse_06_R3D_D3D_Z2_C1_T01.tif,6205.943640720689,5753.2075,0.9544076361144925,1.9236099387658692,0.49615445256371055,cdki,set3_timelapse_cdki_cell_4,Expt2020_017_setIII_STLC_GM132_RO3306_mKate2-Astrin_Nuf2-GFP_GFP_timelapse_06_R3D_D3D
945,945,41_4,32,15598.28125,Expt2020_017_setIII_STLC_GM132_RO3306_mKate2-Astrin_Nuf2-GFP_GFP_timelapse_06_R3D_D3D_Z2_C0_T01.tif,7151.224574921988,5559.9975,6898.3125,Expt2020_017_setIII_STLC_GM132_RO3306_mKate2-Astrin_Nuf2-GFP_GFP_timelapse_06_R3D_D3D_Z2_C1_T01.tif,6205.943640720689,5753.2075,1.1115654442519087,2.181204224056991,0.5096108984166654,cdki,set3_timelapse_cdki_cell_4,Expt2020_017_setIII_STLC_GM132_RO3306_mKate2-Astrin_Nuf2-GFP_GFP_timelapse_06_R3D_D3D
946,946,41_5,30,15850.5,Expt2020_017_setIII_STLC_GM132_RO3306_mKate2-Astrin_Nuf2-GFP_GFP_timelapse_06_R3D_D3D_Z2_C0_T01.tif,7151.224574921988,5559.9975,4747.733333333334,Expt2020_017_setIII_STLC_GM132_RO3306_mKate2-Astrin_Nuf2-GFP_GFP_timelapse_06_R3D_D3D_Z2_C1_T01.tif,6205.943640720689,5753.2075,0.7650300434861805,2.2164735331602854,0.345156408159491,cdki,set3_timelapse_cdki_cell_4,Expt2020_017_setIII_STLC_GM132_RO3306_mKate2-Astrin_Nuf2-GFP_GFP_timelapse_06_R3D_D3D
947,947,41_6,34,15313.088235294117,Expt2020_017_setIII_STLC_GM132_RO3306_mKate2-Astrin_Nuf2-GFP_GFP_timelapse_06_R3D_D3D_Z2_C0_T01.tif,7151.224574921988,5559.9975,5077.058823529413,Expt2020_017_setIII_STLC_GM132_RO3306_mKate2-Astrin_Nuf2-GFP_GFP_timelapse_06_R3D_D3D_Z2_C1_T01.tif,6205.943640720689,5753.2075,0.8180961860845742,2.1413239194017573,0.3820515797129534,cdki,set3_timelapse_cdki_cell_4,Expt2020_017_setIII_STLC_GM132_RO3306_mKate2-Astrin_Nuf2-GFP_GFP_timelapse_06_R3D_D3D
948,948,41_7,21,14862.714285714286,Expt2020_017_setIII_STLC_GM132_RO3306_mKate2-Astrin_Nuf2-GFP_GFP_timelapse_06_R3D_D3D_Z2_C0_T01.tif,7151.224574921988,5559.9975,4577.428571428572,Expt2020_017_setIII_STLC_GM132_RO3306_mKate2-Astrin_Nuf2-GFP_GFP_timelapse_06_R3D_D3D_Z2_C1_T01.tif,6205.943640720689,5753.2075,0.7375878410163906,2.078345342115958,0.3548918584749993,cdki,set3_timelapse_cdki_cell_4,Expt2020_017_setIII_STLC_GM132_RO3306_mKate2-Astrin_Nuf2-GFP_GFP_timelapse_06_R3D_D3D
949,949,41_8,19,14113.631578947368,Expt2020_017_setIII_STLC_GM132_RO3306_mKate2-Astrin_Nuf2-GFP_GFP_timelapse_06_R3D_D3D_Z2_C0_T01.tif,7151.224574921988,5559.9975,4349.789473684211,Expt2020_017_setIII_STLC_GM132_RO3306_mKate2-Astrin_Nuf2-GFP_GFP_timelapse_06_R3D_D3D_Z2_C1_T01.tif,6205.943640720689,5753.2075,0.7009070216401571,1.9735964702382922,0.3551420121639808,cdki,set3_timelapse_cdki_cell_4,Expt2020_017_setIII_STLC_GM132_RO3306_mKate2-Astrin_Nuf2-GFP_GFP_timelapse_06_R3D_D3D
950,950,41_9,40,17008.925,Expt2020_017_setIII_STLC_GM132_RO3306_mKate2-Astrin_Nuf2-GFP_GFP_timelapse_06_R3D_D3D_Z2_C0_T01.tif,7151.224574921988,5559.9975,6575.525,Expt2020_017_setIII_STLC_GM132_RO3306_mKate2-Astrin_Nuf2-GFP_GFP_timelapse_06_R3D_D3D_Z2_C1_T01.tif,6205.943640720689,5753.2075,1.0595528062572594,2.378463271821602,0.4454778927259936,cdki,set3_timelapse_cdki_cell_4,Expt2020_017_setIII_STLC_GM132_RO3306_mKate2-Astrin_Nuf2-GFP_GFP_timelapse_06_R3D_D3D
951,951,41_10,41,16828.024390243903,Expt2020_017_setIII_STLC_GM132_RO3306_mKate2-Astrin_Nuf2-GFP_GFP_timelapse_06_R3D_D3D_Z2_C0_T01.tif,7151.224574921988,5559.9975,6197.707317073171,Expt2020_017_setIII_STLC_GM132_RO3306_mKate2-Astrin_Nuf2-GFP_GFP_timelapse_06_R3D_D3D_Z2_C1_T01.tif,6205.943640720689,5753.2075,0.9986728329929595,2.353166819743943,0.4243952551998115,cdki,set3_timelapse_cdki_cell_4,Expt2020_017_setIII_STLC_GM132_RO3306_mKate2-Astrin_Nuf2-GFP_GFP_timelapse_06_R3D_D3D
952,952,41_11,65,18648.0,Expt2020_017_setIII_STLC_GM132_RO3306_mKate2-Astrin_Nuf2-GFP_GFP_timelapse_06_R3D_D3D_Z2_C0_T01.tif,7151.224574921988,5559.9975,6459.86153846154,Expt2020_017_setIII_STLC_GM132_RO3306_mKate2-Astrin_Nuf2-GFP_GFP_timelapse_06_R3D_D3D_Z2_C1_T01.tif,6205.943640720689,5753.2075,1.0409152761354055,2.607665275314533,0.399175187854527,cdki,set3_timelapse_cdki_cell_4,Expt2020_017_setIII_STLC_GM132_RO3306_mKate2-Astrin_Nuf2-GFP_GFP_timelapse_06_R3D_D3D
953,953,41_12,50,15503.28,Expt2020_017_setIII_STLC_GM132_RO3306_mKate2-Astrin_Nuf2-GFP_GFP_timelapse_06_R3D_D3D_Z2_C0_T01.tif,7151.224574921988,5559.9975,6214.42,Expt2020_017_setIII_STLC_GM132_RO3306_mKate2-Astrin_Nuf2-GFP_GFP_timelapse_06_R3D_D3D_Z2_C1_T01.tif,6205.943640720689,5753.2075,1.0013658453524608,2.1679196111903845,0.4619017421972672,cdki,set3_timelapse_cdki_cell_4,Expt2020_017_setIII_STLC_GM132_RO3306_mKate2-Astrin_Nuf2-GFP_GFP_timelapse_06_R3D_D3D
955,955,41_14,45,15967.688888888892,Expt2020_017_setIII_STLC_GM132_RO3306_mKate2-Astrin_Nuf2-GFP_GFP_timelapse_06_R3D_D3D_Z2_C0_T01.tif,7151.224574921988,5559.9975,8789.755555555555,Expt2020_017_setIII_STLC_GM132_RO3306_mKate2-Astrin_Nuf2-GFP_GFP_timelapse_06_R3D_D3D_Z2_C1_T01.tif,6205.943640720689,5753.2075,1.4163447276383598,2.232860780919201,0.6343184222418443,cdki,set3_timelapse_cdki_cell_4,Expt2020_017_setIII_STLC_GM132_RO3306_mKate2-Astrin_Nuf2-GFP_GFP_timelapse_06_R3D_D3D
956,956,41_15,95,17419.336842105262,Expt2020_017_setIII_STLC_GM132_RO3306_mKate2-Astrin_Nuf2-GFP_GFP_timelapse_06_R3D_D3D_Z2_C0_T01.tif,7151.224574921988,5559.9975,7322.915789473683,Expt2020_017_setIII_STLC_GM132_RO3306_mKate2-Astrin_Nuf2-GFP_GFP_timelapse_06_R3D_D3D_Z2_C1_T01.tif,6205.943640720689,5753.2075,1.1799842559677647,2.4358537002447984,0.48442328693598413,cdki,set3_timelapse_cdki_cell_4,Expt2020_017_setIII_STLC_GM132_RO3306_mKate2-Astrin_Nuf2-GFP_GFP_timelapse_06_R3D_D3D
957,957,41_16,54,17175.61111111111,Expt2020_017_setIII_STLC_GM132_RO3306_mKate2-Astrin_Nuf2-GFP_GFP_timelapse_06_R3D_D3D_Z2_C0_T01.tif,7151.224574921988,5559.9975,8087.851851851852,Expt2020_017_setIII_STLC_GM132_RO3306_mKate2-Astrin_Nuf2-GFP_GFP_timelapse_06_R3D_D3D_Z2_C1_T01.tif,6205.943640720689,5753.2075,1.3032428781310395,2.4017720225627897,0.5426172283997319,cdki,set3_timelapse_cdki_cell_4,Expt2020_017_setIII_STLC_GM132_RO3306_mKate2-Astrin_Nuf2-GFP_GFP_timelapse_06_R3D_D3D
958,958,41_17,21,14640.380952380952,Expt2020_017_setIII_STLC_GM132_RO3306_mKate2-Astrin_Nuf2-GFP_GFP_timelapse_06_R3D_D3D_Z2_C0_T01.tif,7151.224574921988,5559.9975,7857.952380952382,Expt2020_017_setIII_STLC_GM132_RO3306_mKate2-Astrin_Nuf2-GFP_GFP_timelapse_06_R3D_D3D_Z2_C1_T01.tif,6205.943640720689,5753.2075,1.2661978316064513,2.0472550958226146,0.6184856172492154,cdki,set3_timelapse_cdki_cell_4,Expt2020_017_setIII_STLC_GM132_RO3306_mKate2-Astrin_Nuf2-GFP_GFP_timelapse_06_R3D_D3D
959,959,41_18,50,15198.02,Expt2020_017_setIII_STLC_GM132_RO3306_mKate2-Astrin_Nuf2-GFP_GFP_timelapse_06_R3D_D3D_Z2_C0_T01.tif,7151.224574921988,5559.9975,8668.3,Expt2020_017_setIII_STLC_GM132_RO3306_mKate2-Astrin_Nuf2-GFP_GFP_timelapse_06_R3D_D3D_Z2_C1_T01.tif,6205.943640720689,5753.2075,1.3967738835271408,2.125233215762322,0.6572332265313845,cdki,set3_timelapse_cdki_cell_4,Expt2020_017_setIII_STLC_GM132_RO3306_mKate2-Astrin_Nuf2-GFP_GFP_timelapse_06_R3D_D3D
960,960,41_19,42,15856.52380952381,Expt2020_017_setIII_STLC_GM132_RO3306_mKate2-Astrin_Nuf2-GFP_GFP_timelapse_06_R3D_D3D_Z2_C0_T01.tif,7151.224574921988,5559.9975,7174.357142857143,Expt2020_017_setIII_STLC_GM132_RO3306_mKate2-Astrin_Nuf2-GFP_GFP_timelapse_06_R3D_D3D_Z2_C1_T01.tif,6205.943640720689,5753.2075,1.1560461322565272,2.2173158797347354,0.5213718725519743,cdki,set3_timelapse_cdki_cell_4,Expt2020_017_setIII_STLC_GM132_RO3306_mKate2-Astrin_Nuf2-GFP_GFP_timelapse_06_R3D_D3D
962,962,41_21,36,16938.63888888889,Expt2020_017_setIII_STLC_GM132_RO3306_mKate2-Astrin_Nuf2-GFP_GFP_timelapse_06_R3D_D3D_Z2_C0_T01.tif,7151.224574921988,5559.9975,8702.25,Expt2020_017_setIII_STLC_GM132_RO3306_mKate2-Astrin_Nuf2-GFP_GFP_timelapse_06_R3D_D3D_Z2_C1_T01.tif,6205.943640720689,5753.2075,1.402244445614949,2.3686347298180985,0.5920053556432636,cdki,set3_timelapse_cdki_cell_4,Expt2020_017_setIII_STLC_GM132_RO3306_mKate2-Astrin_Nuf2-GFP_GFP_timelapse_06_R3D_D3D
964,964,41_23,60,16811.4,Expt2020_017_setIII_STLC_GM132_RO3306_mKate2-Astrin_Nuf2-GFP_GFP_timelapse_06_R3D_D3D_Z2_C0_T01.tif,7151.224574921988,5559.9975,8462.266666666666,Expt2020_017_setIII_STLC_GM132_RO3306_mKate2-Astrin_Nuf2-GFP_GFP_timelapse_06_R3D_D3D_Z2_C1_T01.tif,6205.943640720689,5753.2075,1.363574527351646,2.350842128347423,0.5800366221572697,cdki,set3_timelapse_cdki_cell_4,Expt2020_017_setIII_STLC_GM132_RO3306_mKate2-Astrin_Nuf2-GFP_GFP_timelapse_06_R3D_D3D
965,965,41_24,32,16930.5625,Expt2020_017_setIII_STLC_GM132_RO3306_mKate2-Astrin_Nuf2-GFP_GFP_timelapse_06_R3D_D3D_Z2_C0_T01.tif,7151.224574921988,5559.9975,5819.71875,Expt2020_017_setIII_STLC_GM132_RO3306_mKate2-Astrin_Nuf2-GFP_GFP_timelapse_06_R3D_D3D_Z2_C1_T01.tif,6205.943640720689,5753.2075,0.9377653241665861,2.367505358365101,0.39609850125710677,cdki,set3_timelapse_cdki_cell_4,Expt2020_017_setIII_STLC_GM132_RO3306_mKate2-Astrin_Nuf2-GFP_GFP_timelapse_06_R3D_D3D
966,966,41_25,64,16110.65625,Expt2020_017_setIII_STLC_GM132_RO3306_mKate2-Astrin_Nuf2-GFP_GFP_timelapse_06_R3D_D3D_Z2_C0_T01.tif,7151.224574921988,5559.9975,6597.84375,Expt2020_017_setIII_STLC_GM132_RO3306_mKate2-Astrin_Nuf2-GFP_GFP_timelapse_06_R3D_D3D_Z2_C1_T01.tif,6205.943640720689,5753.2075,1.0631491569965017,2.2528527920234906,0.47191239514659605,cdki,set3_timelapse_cdki_cell_4,Expt2020_017_setIII_STLC_GM132_RO3306_mKate2-Astrin_Nuf2-GFP_GFP_timelapse_06_R3D_D3D
967,967,41_26,40,16188.9,Expt2020_017_setIII_STLC_GM132_RO3306_mKate2-Astrin_Nuf2-GFP_GFP_timelapse_06_R3D_D3D_Z2_C0_T01.tif,7151.224574921988,5559.9975,6188.275,Expt2020_017_setIII_STLC_GM132_RO3306_mKate2-Astrin_Nuf2-GFP_GFP_timelapse_06_R3D_D3D_Z2_C1_T01.tif,6205.943640720689,5753.2075,0.9971529485693755,2.263794099932402,0.4404786409679003,cdki,set3_timelapse_cdki_cell_4,Expt2020_017_setIII_STLC_GM132_RO3306_mKate2-Astrin_Nuf2-GFP_GFP_timelapse_06_R3D_D3D
968,968,42_1,33,15073.515151515152,Expt2020_017_setIII_STLC_GM132_RO3306_mKate2-Astrin_Nuf2-GFP_GFP_timelapse_06_R3D_D3D_Z2_C0_T02.tif,7139.641759416961,5474.8925,5813.666666666668,Expt2020_017_setIII_STLC_GM132_RO3306_mKate2-Astrin_Nuf2-GFP_GFP_timelapse_06_R3D_D3D_Z2_C1_T02.tif,5866.367441228428,5674.985,0.991016455227236,2.1112425047984607,0.4693996321951838,cdki,set3_timelapse_cdki_cell_4,Expt2020_017_setIII_STLC_GM132_RO3306_mKate2-Astrin_Nuf2-GFP_GFP_timelapse_06_R3D_D3D
969,969,42_2,16,14600.6875,Expt2020_017_setIII_STLC_GM132_RO3306_mKate2-Astrin_Nuf2-GFP_GFP_timelapse_06_R3D_D3D_Z2_C0_T02.tif,7139.641759416961,5474.8925,4841.8125,Expt2020_017_setIII_STLC_GM132_RO3306_mKate2-Astrin_Nuf2-GFP_GFP_timelapse_06_R3D_D3D_Z2_C1_T02.tif,5866.367441228428,5674.985,0.8253510453457235,2.0450168218513425,0.4035913233215058,cdki,set3_timelapse_cdki_cell_4,Expt2020_017_setIII_STLC_GM132_RO3306_mKate2-Astrin_Nuf2-GFP_GFP_timelapse_06_R3D_D3D
970,970,42_3,12,15317.666666666664,Expt2020_017_setIII_STLC_GM132_RO3306_mKate2-Astrin_Nuf2-GFP_GFP_timelapse_06_R3D_D3D_Z2_C0_T02.tif,7139.641759416961,5474.8925,5943.75,Expt2020_017_setIII_STLC_GM132_RO3306_mKate2-Astrin_Nuf2-GFP_GFP_timelapse_06_R3D_D3D_Z2_C1_T02.tif,5866.367441228428,5674.985,1.0131908816736799,2.145439110647694,0.4722533847011879,cdki,set3_timelapse_cdki_cell_4,Expt2020_017_setIII_STLC_GM132_RO3306_mKate2-Astrin_Nuf2-GFP_GFP_timelapse_06_R3D_D3D
971,971,42_4,28,14672.678571428569,Expt2020_017_setIII_STLC_GM132_RO3306_mKate2-Astrin_Nuf2-GFP_GFP_timelapse_06_R3D_D3D_Z2_C0_T02.tif,7139.641759416961,5474.8925,5109.642857142857,Expt2020_017_setIII_STLC_GM132_RO3306_mKate2-Astrin_Nuf2-GFP_GFP_timelapse_06_R3D_D3D_Z2_C1_T02.tif,5866.367441228428,5674.985,0.8710062757461521,2.0551001108810216,0.4238266890914388,cdki,set3_timelapse_cdki_cell_4,Expt2020_017_setIII_STLC_GM132_RO3306_mKate2-Astrin_Nuf2-GFP_GFP_timelapse_06_R3D_D3D
972,972,42_5,24,14183.916666666664,Expt2020_017_setIII_STLC_GM132_RO3306_mKate2-Astrin_Nuf2-GFP_GFP_timelapse_06_R3D_D3D_Z2_C0_T02.tif,7139.641759416961,5474.8925,6726.833333333332,Expt2020_017_setIII_STLC_GM132_RO3306_mKate2-Astrin_Nuf2-GFP_GFP_timelapse_06_R3D_D3D_Z2_C1_T02.tif,5866.367441228428,5674.985,1.1466778037218754,1.9866426278263232,0.5771937980493795,cdki,set3_timelapse_cdki_cell_4,Expt2020_017_setIII_STLC_GM132_RO3306_mKate2-Astrin_Nuf2-GFP_GFP_timelapse_06_R3D_D3D
973,973,42_6,8,14360.0,Expt2020_017_setIII_STLC_GM132_RO3306_mKate2-Astrin_Nuf2-GFP_GFP_timelapse_06_R3D_D3D_Z2_C0_T02.tif,7139.641759416961,5474.8925,3636.5,Expt2020_017_setIII_STLC_GM132_RO3306_mKate2-Astrin_Nuf2-GFP_GFP_timelapse_06_R3D_D3D_Z2_C1_T02.tif,5866.367441228428,5674.985,0.6198895716014867,2.0113053965291208,0.3082026094451995,cdki,set3_timelapse_cdki_cell_4,Expt2020_017_setIII_STLC_GM132_RO3306_mKate2-Astrin_Nuf2-GFP_GFP_timelapse_06_R3D_D3D
974,974,42_7,12,16517.0,Expt2020_017_setIII_STLC_GM132_RO3306_mKate2-Astrin_Nuf2-GFP_GFP_timelapse_06_R3D_D3D_Z2_C0_T02.tif,7139.641759416961,5474.8925,6324.166666666668,Expt2020_017_setIII_STLC_GM132_RO3306_mKate2-Astrin_Nuf2-GFP_GFP_timelapse_06_R3D_D3D_Z2_C1_T02.tif,5866.367441228428,5674.985,1.0780379391547925,2.3134213951581817,0.46599289753740736,cdki,set3_timelapse_cdki_cell_4,Expt2020_017_setIII_STLC_GM132_RO3306_mKate2-Astrin_Nuf2-GFP_GFP_timelapse_06_R3D_D3D
975,975,42_8,41,14982.780487804876,Expt2020_017_setIII_STLC_GM132_RO3306_mKate2-Astrin_Nuf2-GFP_GFP_timelapse_06_R3D_D3D_Z2_C0_T02.tif,7139.641759416961,5474.8925,4779.219512195122,Expt2020_017_setIII_STLC_GM132_RO3306_mKate2-Astrin_Nuf2-GFP_GFP_timelapse_06_R3D_D3D_Z2_C1_T02.tif,5866.367441228428,5674.985,0.814681241854558,2.098533931067769,0.38821447191946745,cdki,set3_timelapse_cdki_cell_4,Expt2020_017_setIII_STLC_GM132_RO3306_mKate2-Astrin_Nuf2-GFP_GFP_timelapse_06_R3D_D3D
976,976,42_9,48,16430.708333333332,Expt2020_017_setIII_STLC_GM132_RO3306_mKate2-Astrin_Nuf2-GFP_GFP_timelapse_06_R3D_D3D_Z2_C0_T02.tif,7139.641759416961,5474.8925,6054.6875,Expt2020_017_setIII_STLC_GM132_RO3306_mKate2-Astrin_Nuf2-GFP_GFP_timelapse_06_R3D_D3D_Z2_C1_T02.tif,5866.367441228428,5674.985,1.0321016473410907,2.3013351211441035,0.4484795099411613,cdki,set3_timelapse_cdki_cell_4,Expt2020_017_setIII_STLC_GM132_RO3306_mKate2-Astrin_Nuf2-GFP_GFP_timelapse_06_R3D_D3D
977,977,42_10,28,16043.571428571431,Expt2020_017_setIII_STLC_GM132_RO3306_mKate2-Astrin_Nuf2-GFP_GFP_timelapse_06_R3D_D3D_Z2_C0_T02.tif,7139.641759416961,5474.8925,6113.0,Expt2020_017_setIII_STLC_GM132_RO3306_mKate2-Astrin_Nuf2-GFP_GFP_timelapse_06_R3D_D3D_Z2_C1_T02.tif,5866.367441228428,5674.985,1.0420417850130312,2.247111545535246,0.46372499268380746,cdki,set3_timelapse_cdki_cell_4,Expt2020_017_setIII_STLC_GM132_RO3306_mKate2-Astrin_Nuf2-GFP_GFP_timelapse_06_R3D_D3D
978,978,42_11,63,18494.539682539682,Expt2020_017_setIII_STLC_GM132_RO3306_mKate2-Astrin_Nuf2-GFP_GFP_timelapse_06_R3D_D3D_Z2_C0_T02.tif,7139.641759416961,5474.8925,5757.126984126983,Expt2020_017_setIII_STLC_GM132_RO3306_mKate2-Astrin_Nuf2-GFP_GFP_timelapse_06_R3D_D3D_Z2_C1_T02.tif,5866.367441228428,5674.985,0.9813785177631884,2.590401634388164,0.3788518756069205,cdki,set3_timelapse_cdki_cell_4,Expt2020_017_setIII_STLC_GM132_RO3306_mKate2-Astrin_Nuf2-GFP_GFP_timelapse_06_R3D_D3D
979,979,42_12,19,15316.684210526317,Expt2020_017_setIII_STLC_GM132_RO3306_mKate2-Astrin_Nuf2-GFP_GFP_timelapse_06_R3D_D3D_Z2_C0_T02.tif,7139.641759416961,5474.8925,5927.578947368421,Expt2020_017_setIII_STLC_GM132_RO3306_mKate2-Astrin_Nuf2-GFP_GFP_timelapse_06_R3D_D3D_Z2_C1_T02.tif,5866.367441228428,5674.985,1.0104343116508185,2.1453015048442867,0.4709987427730627,cdki,set3_timelapse_cdki_cell_4,Expt2020_017_setIII_STLC_GM132_RO3306_mKate2-Astrin_Nuf2-GFP_GFP_timelapse_06_R3D_D3D
980,980,42_13,5,15427.0,Expt2020_017_setIII_STLC_GM132_RO3306_mKate2-Astrin_Nuf2-GFP_GFP_timelapse_06_R3D_D3D_Z2_C0_T02.tif,7139.641759416961,5474.8925,7564.0,Expt2020_017_setIII_STLC_GM132_RO3306_mKate2-Astrin_Nuf2-GFP_GFP_timelapse_06_R3D_D3D_Z2_C1_T02.tif,5866.367441228428,5674.985,1.2893839459902778,2.160752670769829,0.5967290766003767,cdki,set3_timelapse_cdki_cell_4,Expt2020_017_setIII_STLC_GM132_RO3306_mKate2-Astrin_Nuf2-GFP_GFP_timelapse_06_R3D_D3D
981,981,42_14,5,15196.0,Expt2020_017_setIII_STLC_GM132_RO3306_mKate2-Astrin_Nuf2-GFP_GFP_timelapse_06_R3D_D3D_Z2_C0_T02.tif,7139.641759416961,5474.8925,7845.4,Expt2020_017_setIII_STLC_GM132_RO3306_mKate2-Astrin_Nuf2-GFP_GFP_timelapse_06_R3D_D3D_Z2_C1_T02.tif,5866.367441228428,5674.985,1.3373523016753206,2.1283981062434902,0.6283374796060481,cdki,set3_timelapse_cdki_cell_4,Expt2020_017_setIII_STLC_GM132_RO3306_mKate2-Astrin_Nuf2-GFP_GFP_timelapse_06_R3D_D3D
983,983,42_16,35,15919.857142857143,Expt2020_017_setIII_STLC_GM132_RO3306_mKate2-Astrin_Nuf2-GFP_GFP_timelapse_06_R3D_D3D_Z2_C0_T02.tif,7139.641759416961,5474.8925,7646.742857142856,Expt2020_017_setIII_STLC_GM132_RO3306_mKate2-Astrin_Nuf2-GFP_GFP_timelapse_06_R3D_D3D_Z2_C1_T02.tif,5866.367441228428,5674.985,1.3034885614907228,2.2297837453622034,0.584580708421563,cdki,set3_timelapse_cdki_cell_4,Expt2020_017_setIII_STLC_GM132_RO3306_mKate2-Astrin_Nuf2-GFP_GFP_timelapse_06_R3D_D3D
984,984,42_17,101,18763.930693069306,Expt2020_017_setIII_STLC_GM132_RO3306_mKate2-Astrin_Nuf2-GFP_GFP_timelapse_06_R3D_D3D_Z2_C0_T02.tif,7139.641759416961,5474.8925,6653.990099009901,Expt2020_017_setIII_STLC_GM132_RO3306_mKate2-Astrin_Nuf2-GFP_GFP_timelapse_06_R3D_D3D_Z2_C1_T02.tif,5866.367441228428,5674.985,1.134260710000215,2.6281333609379316,0.43158415279025963,cdki,set3_timelapse_cdki_cell_4,Expt2020_017_setIII_STLC_GM132_RO3306_mKate2-Astrin_Nuf2-GFP_GFP_timelapse_06_R3D_D3D
985,985,42_18,43,16416.488372093027,Expt2020_017_setIII_STLC_GM132_RO3306_mKate2-Astrin_Nuf2-GFP_GFP_timelapse_06_R3D_D3D_Z2_C0_T02.tif,7139.641759416961,5474.8925,8914.39534883721,Expt2020_017_setIII_STLC_GM132_RO3306_mKate2-Astrin_Nuf2-GFP_GFP_timelapse_06_R3D_D3D_Z2_C1_T02.tif,5866.367441228428,5674.985,1.5195767121894634,2.2993434300033613,0.6608741836304297,cdki,set3_timelapse_cdki_cell_4,Expt2020_017_setIII_STLC_GM132_RO3306_mKate2-Astrin_Nuf2-GFP_GFP_timelapse_06_R3D_D3D
986,986,42_19,16,14913.6875,Expt2020_017_setIII_STLC_GM132_RO3306_mKate2-Astrin_Nuf2-GFP_GFP_timelapse_06_R3D_D3D_Z2_C0_T02.tif,7139.641759416961,5474.8925,8210.5625,Expt2020_017_setIII_STLC_GM132_RO3306_mKate2-Astrin_Nuf2-GFP_GFP_timelapse_06_R3D_D3D_Z2_C1_T02.tif,5866.367441228428,5674.985,1.3995990844856956,2.088856556469282,0.6700312092522939,cdki,set3_timelapse_cdki_cell_4,Expt2020_017_setIII_STLC_GM132_RO3306_mKate2-Astrin_Nuf2-GFP_GFP_timelapse_06_R3D_D3D
987,987,42_20,20,15192.5,Expt2020_017_setIII_STLC_GM132_RO3306_mKate2-Astrin_Nuf2-GFP_GFP_timelapse_06_R3D_D3D_Z2_C0_T02.tif,7139.641759416961,5474.8925,7482.9,Expt2020_017_setIII_STLC_GM132_RO3306_mKate2-Astrin_Nuf2-GFP_GFP_timelapse_06_R3D_D3D_Z2_C1_T02.tif,5866.367441228428,5674.985,1.2755593772409637,2.127907885568849,0.5994429485842011,cdki,set3_timelapse_cdki_cell_4,Expt2020_017_setIII_STLC_GM132_RO3306_mKate2-Astrin_Nuf2-GFP_GFP_timelapse_06_R3D_D3D
988,988,42_21,21,16287.428571428569,Expt2020_017_setIII_STLC_GM132_RO3306_mKate2-Astrin_Nuf2-GFP_GFP_timelapse_06_R3D_D3D_Z2_C0_T02.tif,7139.641759416961,5474.8925,9292.90476190476,Expt2020_017_setIII_STLC_GM132_RO3306_mKate2-Astrin_Nuf2-GFP_GFP_timelapse_06_R3D_D3D_Z2_C1_T02.tif,5866.367441228428,5674.985,1.5840986530429142,2.2812669207031244,0.6943942590263259,cdki,set3_timelapse_cdki_cell_4,Expt2020_017_setIII_STLC_GM132_RO3306_mKate2-Astrin_Nuf2-GFP_GFP_timelapse_06_R3D_D3D
990,990,42_23,39,16622.53846153846,Expt2020_017_setIII_STLC_GM132_RO3306_mKate2-Astrin_Nuf2-GFP_GFP_timelapse_06_R3D_D3D_Z2_C0_T02.tif,7139.641759416961,5474.8925,8708.076923076924,Expt2020_017_setIII_STLC_GM132_RO3306_mKate2-Astrin_Nuf2-GFP_GFP_timelapse_06_R3D_D3D_Z2_C1_T02.tif,5866.367441228428,5674.985,1.4844070049000266,2.328203433962756,0.6375761599034616,cdki,set3_timelapse_cdki_cell_4,Expt2020_017_setIII_STLC_GM132_RO3306_mKate2-Astrin_Nuf2-GFP_GFP_timelapse_06_R3D_D3D
991,991,42_24,66,15496.5,Expt2020_017_setIII_STLC_GM132_RO3306_mKate2-Astrin_Nuf2-GFP_GFP_timelapse_06_R3D_D3D_Z2_C0_T02.tif,7139.641759416961,5474.8925,8641.863636363636,Expt2020_017_setIII_STLC_GM132_RO3306_mKate2-Astrin_Nuf2-GFP_GFP_timelapse_06_R3D_D3D_Z2_C1_T02.tif,5866.367441228428,5674.985,1.4731200735278207,2.1704870527377103,0.6787048426157269,cdki,set3_timelapse_cdki_cell_4,Expt2020_017_setIII_STLC_GM132_RO3306_mKate2-Astrin_Nuf2-GFP_GFP_timelapse_06_R3D_D3D
993,993,42_26,30,17938.7,Expt2020_017_setIII_STLC_GM132_RO3306_mKate2-Astrin_Nuf2-GFP_GFP_timelapse_06_R3D_D3D_Z2_C0_T02.tif,7139.641759416961,5474.8925,5376.333333333333,Expt2020_017_setIII_STLC_GM132_RO3306_mKate2-Astrin_Nuf2-GFP_GFP_timelapse_06_R3D_D3D_Z2_C1_T02.tif,5866.367441228428,5674.985,0.91646719834643,2.5125490331975584,0.3647559455506831,cdki,set3_timelapse_cdki_cell_4,Expt2020_017_setIII_STLC_GM132_RO3306_mKate2-Astrin_Nuf2-GFP_GFP_timelapse_06_R3D_D3D
994,994,42_27,22,14684.272727272728,Expt2020_017_setIII_STLC_GM132_RO3306_mKate2-Astrin_Nuf2-GFP_GFP_timelapse_06_R3D_D3D_Z2_C0_T02.tif,7139.641759416961,5474.8925,7440.363636363636,Expt2020_017_setIII_STLC_GM132_RO3306_mKate2-Astrin_Nuf2-GFP_GFP_timelapse_06_R3D_D3D_Z2_C1_T02.tif,5866.367441228428,5674.985,1.2683084908853937,2.0567240237095423,0.6166644023527527,cdki,set3_timelapse_cdki_cell_4,Expt2020_017_setIII_STLC_GM132_RO3306_mKate2-Astrin_Nuf2-GFP_GFP_timelapse_06_R3D_D3D
995,995,42_28,60,16339.666666666664,Expt2020_017_setIII_STLC_GM132_RO3306_mKate2-Astrin_Nuf2-GFP_GFP_timelapse_06_R3D_D3D_Z2_C0_T02.tif,7139.641759416961,5474.8925,6199.083333333332,Expt2020_017_setIII_STLC_GM132_RO3306_mKate2-Astrin_Nuf2-GFP_GFP_timelapse_06_R3D_D3D_Z2_C1_T02.tif,5866.367441228428,5674.985,1.0567158289074428,2.288583547643012,0.4617335600422992,cdki,set3_timelapse_cdki_cell_4,Expt2020_017_setIII_STLC_GM132_RO3306_mKate2-Astrin_Nuf2-GFP_GFP_timelapse_06_R3D_D3D
996,996,42_29,32,19795.75,Expt2020_017_setIII_STLC_GM132_RO3306_mKate2-Astrin_Nuf2-GFP_GFP_timelapse_06_R3D_D3D_Z2_C0_T02.tif,7139.641759416961,5474.8925,6136.53125,Expt2020_017_setIII_STLC_GM132_RO3306_mKate2-Astrin_Nuf2-GFP_GFP_timelapse_06_R3D_D3D_Z2_C1_T02.tif,5866.367441228428,5674.985,1.0460529981250202,2.772653120009843,0.37727510541286413,cdki,set3_timelapse_cdki_cell_4,Expt2020_017_setIII_STLC_GM132_RO3306_mKate2-Astrin_Nuf2-GFP_GFP_timelapse_06_R3D_D3D
997,997,43_1,8,14973.25,Expt2020_017_setIII_STLC_GM132_RO3306_mKate2-Astrin_Nuf2-GFP_GFP_timelapse_06_R3D_D3D_Z2_C0_T03.tif,7038.142691145712,5442.7225,5978.125,Expt2020_017_setIII_STLC_GM132_RO3306_mKate2-Astrin_Nuf2-GFP_GFP_timelapse_06_R3D_D3D_Z2_C1_T03.tif,5680.171767028628,5424.6325,1.0524549688269789,2.1274433692339025,0.49470410542865373,cdki,set3_timelapse_cdki_cell_4,Expt2020_017_setIII_STLC_GM132_RO3306_mKate2-Astrin_Nuf2-GFP_GFP_timelapse_06_R3D_D3D
998,998,43_2,26,14691.807692307693,Expt2020_017_setIII_STLC_GM132_RO3306_mKate2-Astrin_Nuf2-GFP_GFP_timelapse_06_R3D_D3D_Z2_C0_T03.tif,7038.142691145712,5442.7225,4629.115384615385,Expt2020_017_setIII_STLC_GM132_RO3306_mKate2-Astrin_Nuf2-GFP_GFP_timelapse_06_R3D_D3D_Z2_C1_T03.tif,5680.171767028628,5424.6325,0.8149604579716672,2.0874552189444273,0.390408594433835,cdki,set3_timelapse_cdki_cell_4,Expt2020_017_setIII_STLC_GM132_RO3306_mKate2-Astrin_Nuf2-GFP_GFP_timelapse_06_R3D_D3D
999,999,43_3,12,13988.0,Expt2020_017_setIII_STLC_GM132_RO3306_mKate2-Astrin_Nuf2-GFP_GFP_timelapse_06_R3D_D3D_Z2_C0_T03.tif,7038.142691145712,5442.7225,4663.25,Expt2020_017_setIII_STLC_GM132_RO3306_mKate2-Astrin_Nuf2-GFP_GFP_timelapse_06_R3D_D3D_Z2_C1_T03.tif,5680.171767028628,5424.6325,0.8209698916269581,1.987456153396479,0.4130757250789936,cdki,set3_timelapse_cdki_cell_4,Expt2020_017_setIII_STLC_GM132_RO3306_mKate2-Astrin_Nuf2-GFP_GFP_timelapse_06_R3D_D3D
1000,1000,43_4,20,14269.2,Expt2020_017_setIII_STLC_GM132_RO3306_mKate2-Astrin_Nuf2-GFP_GFP_timelapse_06_R3D_D3D_Z2_C0_T03.tif,7038.142691145712,5442.7225,5410.45,Expt2020_017_setIII_STLC_GM132_RO3306_mKate2-Astrin_Nuf2-GFP_GFP_timelapse_06_R3D_D3D_Z2_C1_T03.tif,5680.171767028628,5424.6325,0.9525152093825284,2.027409875896843,0.46981876763383856,cdki,set3_timelapse_cdki_cell_4,Expt2020_017_setIII_STLC_GM132_RO3306_mKate2-Astrin_Nuf2-GFP_GFP_timelapse_06_R3D_D3D
1001,1001,43_5,26,14780.692307692307,Expt2020_017_setIII_STLC_GM132_RO3306_mKate2-Astrin_Nuf2-GFP_GFP_timelapse_06_R3D_D3D_Z2_C0_T03.tif,7038.142691145712,5442.7225,5641.884615384615,Expt2020_017_setIII_STLC_GM132_RO3306_mKate2-Astrin_Nuf2-GFP_GFP_timelapse_06_R3D_D3D_Z2_C1_T03.tif,5680.171767028628,5424.6325,0.9932595081250437,2.100084206347089,0.4729617532111871,cdki,set3_timelapse_cdki_cell_4,Expt2020_017_setIII_STLC_GM132_RO3306_mKate2-Astrin_Nuf2-GFP_GFP_timelapse_06_R3D_D3D
1002,1002,43_6,19,15534.631578947368,Expt2020_017_setIII_STLC_GM132_RO3306_mKate2-Astrin_Nuf2-GFP_GFP_timelapse_06_R3D_D3D_Z2_C0_T03.tif,7038.142691145712,5442.7225,5323.263157894737,Expt2020_017_setIII_STLC_GM132_RO3306_mKate2-Astrin_Nuf2-GFP_GFP_timelapse_06_R3D_D3D_Z2_C1_T03.tif,5680.171767028628,5424.6325,0.9371658774113807,2.207206113978139,0.42459373027120145,cdki,set3_timelapse_cdki_cell_4,Expt2020_017_setIII_STLC_GM132_RO3306_mKate2-Astrin_Nuf2-GFP_GFP_timelapse_06_R3D_D3D
1003,1003,43_7,41,14169.414634146342,Expt2020_017_setIII_STLC_GM132_RO3306_mKate2-Astrin_Nuf2-GFP_GFP_timelapse_06_R3D_D3D_Z2_C0_T03.tif,7038.142691145712,5442.7225,4329.8536585365855,Expt2020_017_setIII_STLC_GM132_RO3306_mKate2-Astrin_Nuf2-GFP_GFP_timelapse_06_R3D_D3D_Z2_C1_T03.tif,5680.171767028628,5424.6325,0.7622751276061478,2.0132320778281576,0.3786325163408274,cdki,set3_timelapse_cdki_cell_4,Expt2020_017_setIII_STLC_GM132_RO3306_mKate2-Astrin_Nuf2-GFP_GFP_timelapse_06_R3D_D3D
1004,1004,43_8,50,14895.68,Expt2020_017_setIII_STLC_GM132_RO3306_mKate2-Astrin_Nuf2-GFP_GFP_timelapse_06_R3D_D3D_Z2_C0_T03.tif,7038.142691145712,5442.7225,4512.18,Expt2020_017_setIII_STLC_GM132_RO3306_mKate2-Astrin_Nuf2-GFP_GFP_timelapse_06_R3D_D3D_Z2_C1_T03.tif,5680.171767028628,5424.6325,0.7943738649228174,2.1164219956408967,0.3753381256474158,cdki,set3_timelapse_cdki_cell_4,Expt2020_017_setIII_STLC_GM132_RO3306_mKate2-Astrin_Nuf2-GFP_GFP_timelapse_06_R3D_D3D
1005,1005,43_9,42,16682.690476190477,Expt2020_017_setIII_STLC_GM132_RO3306_mKate2-Astrin_Nuf2-GFP_GFP_timelapse_06_R3D_D3D_Z2_C0_T03.tif,7038.142691145712,5442.7225,5402.285714285715,Expt2020_017_setIII_STLC_GM132_RO3306_mKate2-Astrin_Nuf2-GFP_GFP_timelapse_06_R3D_D3D_Z2_C1_T03.tif,5680.171767028628,5424.6325,0.9510778786029073,2.370325696462225,0.4012435421943983,cdki,set3_timelapse_cdki_cell_4,Expt2020_017_setIII_STLC_GM132_RO3306_mKate2-Astrin_Nuf2-GFP_GFP_timelapse_06_R3D_D3D
1006,1006,43_10,12,14194.166666666664,Expt2020_017_setIII_STLC_GM132_RO3306_mKate2-Astrin_Nuf2-GFP_GFP_timelapse_06_R3D_D3D_Z2_C0_T03.tif,7038.142691145712,5442.7225,4764.833333333333,Expt2020_017_setIII_STLC_GM132_RO3306_mKate2-Astrin_Nuf2-GFP_GFP_timelapse_06_R3D_D3D_Z2_C1_T03.tif,5680.171767028628,5424.6325,0.8388537404786757,2.0167489193595833,0.4159435676033747,cdki,set3_timelapse_cdki_cell_4,Expt2020_017_setIII_STLC_GM132_RO3306_mKate2-Astrin_Nuf2-GFP_GFP_timelapse_06_R3D_D3D
1007,1007,43_11,67,18039.044776119405,Expt2020_017_setIII_STLC_GM132_RO3306_mKate2-Astrin_Nuf2-GFP_GFP_timelapse_06_R3D_D3D_Z2_C0_T03.tif,7038.142691145712,5442.7225,5816.582089552237,Expt2020_017_setIII_STLC_GM132_RO3306_mKate2-Astrin_Nuf2-GFP_GFP_timelapse_06_R3D_D3D_Z2_C1_T03.tif,5680.171767028628,5424.6325,1.0240151756176499,2.563040501979777,0.39953140608845894,cdki,set3_timelapse_cdki_cell_4,Expt2020_017_setIII_STLC_GM132_RO3306_mKate2-Astrin_Nuf2-GFP_GFP_timelapse_06_R3D_D3D
1008,1008,43_12,24,14253.75,Expt2020_017_setIII_STLC_GM132_RO3306_mKate2-Astrin_Nuf2-GFP_GFP_timelapse_06_R3D_D3D_Z2_C0_T03.tif,7038.142691145712,5442.7225,5683.708333333332,Expt2020_017_setIII_STLC_GM132_RO3306_mKate2-Astrin_Nuf2-GFP_GFP_timelapse_06_R3D_D3D_Z2_C1_T03.tif,5680.171767028628,5424.6325,1.00062261608447,2.02521469448635,0.4940822416550041,cdki,set3_timelapse_cdki_cell_4,Expt2020_017_setIII_STLC_GM132_RO3306_mKate2-Astrin_Nuf2-GFP_GFP_timelapse_06_R3D_D3D
1009,1009,43_13,19,14169.842105263158,Expt2020_017_setIII_STLC_GM132_RO3306_mKate2-Astrin_Nuf2-GFP_GFP_timelapse_06_R3D_D3D_Z2_C0_T03.tif,7038.142691145712,5442.7225,7713.368421052632,Expt2020_017_setIII_STLC_GM132_RO3306_mKate2-Astrin_Nuf2-GFP_GFP_timelapse_06_R3D_D3D_Z2_C1_T03.tif,5680.171767028628,5424.6325,1.3579463328602113,2.0132928141808537,0.6744902297844427,cdki,set3_timelapse_cdki_cell_4,Expt2020_017_setIII_STLC_GM132_RO3306_mKate2-Astrin_Nuf2-GFP_GFP_timelapse_06_R3D_D3D
1010,1010,43_14,16,14403.0,Expt2020_017_setIII_STLC_GM132_RO3306_mKate2-Astrin_Nuf2-GFP_GFP_timelapse_06_R3D_D3D_Z2_C0_T03.tif,7038.142691145712,5442.7225,7677.3125,Expt2020_017_setIII_STLC_GM132_RO3306_mKate2-Astrin_Nuf2-GFP_GFP_timelapse_06_R3D_D3D_Z2_C1_T03.tif,5680.171767028628,5424.6325,1.3515986513936185,2.0464205731605296,0.6604696361638823,cdki,set3_timelapse_cdki_cell_4,Expt2020_017_setIII_STLC_GM132_RO3306_mKate2-Astrin_Nuf2-GFP_GFP_timelapse_06_R3D_D3D
1012,1012,43_16,50,17107.38,Expt2020_017_setIII_STLC_GM132_RO3306_mKate2-Astrin_Nuf2-GFP_GFP_timelapse_06_R3D_D3D_Z2_C0_T03.tif,7038.142691145712,5442.7225,8248.06,Expt2020_017_setIII_STLC_GM132_RO3306_mKate2-Astrin_Nuf2-GFP_GFP_timelapse_06_R3D_D3D_Z2_C1_T03.tif,5680.171767028628,5424.6325,1.4520793275789734,2.430666832248489,0.5973995729541128,cdki,set3_timelapse_cdki_cell_4,Expt2020_017_setIII_STLC_GM132_RO3306_mKate2-Astrin_Nuf2-GFP_GFP_timelapse_06_R3D_D3D
1013,1013,43_17,94,17328.957446808512,Expt2020_017_setIII_STLC_GM132_RO3306_mKate2-Astrin_Nuf2-GFP_GFP_timelapse_06_R3D_D3D_Z2_C0_T03.tif,7038.142691145712,5442.7225,6425.787234042553,Expt2020_017_setIII_STLC_GM132_RO3306_mKate2-Astrin_Nuf2-GFP_GFP_timelapse_06_R3D_D3D_Z2_C1_T03.tif,5680.171767028628,5424.6325,1.1312663591164542,2.462149207149365,0.45946295855327773,cdki,set3_timelapse_cdki_cell_4,Expt2020_017_setIII_STLC_GM132_RO3306_mKate2-Astrin_Nuf2-GFP_GFP_timelapse_06_R3D_D3D
1014,1014,43_18,46,16616.17391304348,Expt2020_017_setIII_STLC_GM132_RO3306_mKate2-Astrin_Nuf2-GFP_GFP_timelapse_06_R3D_D3D_Z2_C0_T03.tif,7038.142691145712,5442.7225,7690.5,Expt2020_017_setIII_STLC_GM132_RO3306_mKate2-Astrin_Nuf2-GFP_GFP_timelapse_06_R3D_D3D_Z2_C1_T03.tif,5680.171767028628,5424.6325,1.353920324142416,2.36087482766545,0.5734824685649428,cdki,set3_timelapse_cdki_cell_4,Expt2020_017_setIII_STLC_GM132_RO3306_mKate2-Astrin_Nuf2-GFP_GFP_timelapse_06_R3D_D3D
1015,1015,43_19,19,14345.052631578948,Expt2020_017_setIII_STLC_GM132_RO3306_mKate2-Astrin_Nuf2-GFP_GFP_timelapse_06_R3D_D3D_Z2_C0_T03.tif,7038.142691145712,5442.7225,6428.947368421053,Expt2020_017_setIII_STLC_GM132_RO3306_mKate2-Astrin_Nuf2-GFP_GFP_timelapse_06_R3D_D3D_Z2_C1_T03.tif,5680.171767028628,5424.6325,1.1318227039785664,2.038187240736913,0.5553085022597593,cdki,set3_timelapse_cdki_cell_4,Expt2020_017_setIII_STLC_GM132_RO3306_mKate2-Astrin_Nuf2-GFP_GFP_timelapse_06_R3D_D3D
1016,1016,43_20,16,15179.3125,Expt2020_017_setIII_STLC_GM132_RO3306_mKate2-Astrin_Nuf2-GFP_GFP_timelapse_06_R3D_D3D_Z2_C0_T03.tif,7038.142691145712,5442.7225,7723.0625,Expt2020_017_setIII_STLC_GM132_RO3306_mKate2-Astrin_Nuf2-GFP_GFP_timelapse_06_R3D_D3D_Z2_C1_T03.tif,5680.171767028628,5424.6325,1.359652985289921,2.1567213348908414,0.630425898466265,cdki,set3_timelapse_cdki_cell_4,Expt2020_017_setIII_STLC_GM132_RO3306_mKate2-Astrin_Nuf2-GFP_GFP_timelapse_06_R3D_D3D
1017,1017,43_21,36,15769.694444444443,Expt2020_017_setIII_STLC_GM132_RO3306_mKate2-Astrin_Nuf2-GFP_GFP_timelapse_06_R3D_D3D_Z2_C0_T03.tif,7038.142691145712,5442.7225,6591.86111111111,Expt2020_017_setIII_STLC_GM132_RO3306_mKate2-Astrin_Nuf2-GFP_GFP_timelapse_06_R3D_D3D_Z2_C1_T03.tif,5680.171767028628,5424.6325,1.160503833594349,2.2406045368025005,0.5179422850095935,cdki,set3_timelapse_cdki_cell_4,Expt2020_017_setIII_STLC_GM132_RO3306_mKate2-Astrin_Nuf2-GFP_GFP_timelapse_06_R3D_D3D
1018,1018,43_22,28,15516.428571428569,Expt2020_017_setIII_STLC_GM132_RO3306_mKate2-Astrin_Nuf2-GFP_GFP_timelapse_06_R3D_D3D_Z2_C0_T03.tif,7038.142691145712,5442.7225,7936.035714285716,Expt2020_017_setIII_STLC_GM132_RO3306_mKate2-Astrin_Nuf2-GFP_GFP_timelapse_06_R3D_D3D_Z2_C1_T03.tif,5680.171767028628,5424.6325,1.3971471356467728,2.2046197771677614,0.6337360982226444,cdki,set3_timelapse_cdki_cell_4,Expt2020_017_setIII_STLC_GM132_RO3306_mKate2-Astrin_Nuf2-GFP_GFP_timelapse_06_R3D_D3D
1020,1020,43_24,32,18826.9375,Expt2020_017_setIII_STLC_GM132_RO3306_mKate2-Astrin_Nuf2-GFP_GFP_timelapse_06_R3D_D3D_Z2_C0_T03.tif,7038.142691145712,5442.7225,8655.125,Expt2020_017_setIII_STLC_GM132_RO3306_mKate2-Astrin_Nuf2-GFP_GFP_timelapse_06_R3D_D3D_Z2_C1_T03.tif,5680.171767028628,5424.6325,1.523743533644513,2.674986615955528,0.5696266009541207,cdki,set3_timelapse_cdki_cell_4,Expt2020_017_setIII_STLC_GM132_RO3306_mKate2-Astrin_Nuf2-GFP_GFP_timelapse_06_R3D_D3D
1021,1021,43_25,12,15852.833333333336,Expt2020_017_setIII_STLC_GM132_RO3306_mKate2-Astrin_Nuf2-GFP_GFP_timelapse_06_R3D_D3D_Z2_C0_T03.tif,7038.142691145712,5442.7225,7949.0,Expt2020_017_setIII_STLC_GM132_RO3306_mKate2-Astrin_Nuf2-GFP_GFP_timelapse_06_R3D_D3D_Z2_C1_T03.tif,5680.171767028628,5424.6325,1.3994295112942026,2.2524171544968654,0.6213012134543082,cdki,set3_timelapse_cdki_cell_4,Expt2020_017_setIII_STLC_GM132_RO3306_mKate2-Astrin_Nuf2-GFP_GFP_timelapse_06_R3D_D3D
1022,1022,43_26,32,19187.40625,Expt2020_017_setIII_STLC_GM132_RO3306_mKate2-Astrin_Nuf2-GFP_GFP_timelapse_06_R3D_D3D_Z2_C0_T03.tif,7038.142691145712,5442.7225,5796.1875,Expt2020_017_setIII_STLC_GM132_RO3306_mKate2-Astrin_Nuf2-GFP_GFP_timelapse_06_R3D_D3D_Z2_C1_T03.tif,5680.171767028628,5424.6325,1.020424687444278,2.7262030754418474,0.37430252230160566,cdki,set3_timelapse_cdki_cell_4,Expt2020_017_setIII_STLC_GM132_RO3306_mKate2-Astrin_Nuf2-GFP_GFP_timelapse_06_R3D_D3D
1024,1024,43_28,37,15955.405405405403,Expt2020_017_setIII_STLC_GM132_RO3306_mKate2-Astrin_Nuf2-GFP_GFP_timelapse_06_R3D_D3D_Z2_C0_T03.tif,7038.142691145712,5442.7225,7556.891891891892,Expt2020_017_setIII_STLC_GM132_RO3306_mKate2-Astrin_Nuf2-GFP_GFP_timelapse_06_R3D_D3D_Z2_C1_T03.tif,5680.171767028628,5424.6325,1.3303984812144158,2.266990895975723,0.5868565610810742,cdki,set3_timelapse_cdki_cell_4,Expt2020_017_setIII_STLC_GM132_RO3306_mKate2-Astrin_Nuf2-GFP_GFP_timelapse_06_R3D_D3D
1025,1025,43_29,40,15300.725,Expt2020_017_setIII_STLC_GM132_RO3306_mKate2-Astrin_Nuf2-GFP_GFP_timelapse_06_R3D_D3D_Z2_C0_T03.tif,7038.142691145712,5442.7225,8038.7,Expt2020_017_setIII_STLC_GM132_RO3306_mKate2-Astrin_Nuf2-GFP_GFP_timelapse_06_R3D_D3D_Z2_C1_T03.tif,5680.171767028628,5424.6325,1.4152212872613796,2.173971979745306,0.6509841435155854,cdki,set3_timelapse_cdki_cell_4,Expt2020_017_setIII_STLC_GM132_RO3306_mKate2-Astrin_Nuf2-GFP_GFP_timelapse_06_R3D_D3D
1026,1026,43_30,41,16785.829268292684,Expt2020_017_setIII_STLC_GM132_RO3306_mKate2-Astrin_Nuf2-GFP_GFP_timelapse_06_R3D_D3D_Z2_C0_T03.tif,7038.142691145712,5442.7225,6278.926829268294,Expt2020_017_setIII_STLC_GM132_RO3306_mKate2-Astrin_Nuf2-GFP_GFP_timelapse_06_R3D_D3D_Z2_C1_T03.tif,5680.171767028628,5424.6325,1.1054114359208687,2.3849799591886627,0.46348877342219447,cdki,set3_timelapse_cdki_cell_4,Expt2020_017_setIII_STLC_GM132_RO3306_mKate2-Astrin_Nuf2-GFP_GFP_timelapse_06_R3D_D3D
1027,1027,43_31,49,16769.65306122449,Expt2020_017_setIII_STLC_GM132_RO3306_mKate2-Astrin_Nuf2-GFP_GFP_timelapse_06_R3D_D3D_Z2_C0_T03.tif,7038.142691145712,5442.7225,6959.816326530611,Expt2020_017_setIII_STLC_GM132_RO3306_mKate2-Astrin_Nuf2-GFP_GFP_timelapse_06_R3D_D3D_Z2_C1_T03.tif,5680.171767028628,5424.6325,1.2252827224222098,2.3826815961434598,0.5142452623151231,cdki,set3_timelapse_cdki_cell_4,Expt2020_017_setIII_STLC_GM132_RO3306_mKate2-Astrin_Nuf2-GFP_GFP_timelapse_06_R3D_D3D
1028,1028,44_1,14,18378.214285714286,Expt2020_017_setIII_STLC_GM132_RO3306_mKate2-Astrin_Nuf2-GFP_GFP_timelapse_06_R3D_D3D_Z2_C0_T04.tif,7175.09843366427,5373.9575,4539.5,Expt2020_017_setIII_STLC_GM132_RO3306_mKate2-Astrin_Nuf2-GFP_GFP_timelapse_06_R3D_D3D_Z2_C1_T04.tif,5867.0045662100465,5386.8375,0.7737338447194043,2.5613884541969507,0.30207594769610463,cdki,set3_timelapse_cdki_cell_4,Expt2020_017_setIII_STLC_GM132_RO3306_mKate2-Astrin_Nuf2-GFP_GFP_timelapse_06_R3D_D3D
1029,1029,44_2,14,19166.5,Expt2020_017_setIII_STLC_GM132_RO3306_mKate2-Astrin_Nuf2-GFP_GFP_timelapse_06_R3D_D3D_Z2_C0_T04.tif,7175.09843366427,5373.9575,6656.714285714284,Expt2020_017_setIII_STLC_GM132_RO3306_mKate2-Astrin_Nuf2-GFP_GFP_timelapse_06_R3D_D3D_Z2_C1_T04.tif,5867.0045662100465,5386.8375,1.134601858681418,2.6712525517523544,0.4247452596487418,cdki,set3_timelapse_cdki_cell_4,Expt2020_017_setIII_STLC_GM132_RO3306_mKate2-Astrin_Nuf2-GFP_GFP_timelapse_06_R3D_D3D
1030,1030,44_3,16,16811.875,Expt2020_017_setIII_STLC_GM132_RO3306_mKate2-Astrin_Nuf2-GFP_GFP_timelapse_06_R3D_D3D_Z2_C0_T04.tif,7175.09843366427,5373.9575,5840.625,Expt2020_017_setIII_STLC_GM132_RO3306_mKate2-Astrin_Nuf2-GFP_GFP_timelapse_06_R3D_D3D_Z2_C1_T04.tif,5867.0045662100465,5386.8375,0.9955037420011611,2.3430863221501896,0.4248685729545009,cdki,set3_timelapse_cdki_cell_4,Expt2020_017_setIII_STLC_GM132_RO3306_mKate2-Astrin_Nuf2-GFP_GFP_timelapse_06_R3D_D3D
1031,1031,44_4,21,18441.428571428565,Expt2020_017_setIII_STLC_GM132_RO3306_mKate2-Astrin_Nuf2-GFP_GFP_timelapse_06_R3D_D3D_Z2_C0_T04.tif,7175.09843366427,5373.9575,6939.333333333332,Expt2020_017_setIII_STLC_GM132_RO3306_mKate2-Astrin_Nuf2-GFP_GFP_timelapse_06_R3D_D3D_Z2_C1_T04.tif,5867.0045662100465,5386.8375,1.1827727855027026,2.5701986867392237,0.46018729664953273,cdki,set3_timelapse_cdki_cell_4,Expt2020_017_setIII_STLC_GM132_RO3306_mKate2-Astrin_Nuf2-GFP_GFP_timelapse_06_R3D_D3D
1032,1032,44_5,8,17440.75,Expt2020_017_setIII_STLC_GM132_RO3306_mKate2-Astrin_Nuf2-GFP_GFP_timelapse_06_R3D_D3D_Z2_C0_T04.tif,7175.09843366427,5373.9575,5818.75,Expt2020_017_setIII_STLC_GM132_RO3306_mKate2-Astrin_Nuf2-GFP_GFP_timelapse_06_R3D_D3D_Z2_C1_T04.tif,5867.0045662100465,5386.8375,0.9917752635666998,2.430733203348283,0.4080148583154048,cdki,set3_timelapse_cdki_cell_4,Expt2020_017_setIII_STLC_GM132_RO3306_mKate2-Astrin_Nuf2-GFP_GFP_timelapse_06_R3D_D3D
1033,1033,44_6,12,16805.5,Expt2020_017_setIII_STLC_GM132_RO3306_mKate2-Astrin_Nuf2-GFP_GFP_timelapse_06_R3D_D3D_Z2_C0_T04.tif,7175.09843366427,5373.9575,3667.083333333334,Expt2020_017_setIII_STLC_GM132_RO3306_mKate2-Astrin_Nuf2-GFP_GFP_timelapse_06_R3D_D3D_Z2_C1_T04.tif,5867.0045662100465,5386.8375,0.6250350228894039,2.3421978325971975,0.26685833886043697,cdki,set3_timelapse_cdki_cell_4,Expt2020_017_setIII_STLC_GM132_RO3306_mKate2-Astrin_Nuf2-GFP_GFP_timelapse_06_R3D_D3D
1034,1034,44_7,44,22036.386363636364,Expt2020_017_setIII_STLC_GM132_RO3306_mKate2-Astrin_Nuf2-GFP_GFP_timelapse_06_R3D_D3D_Z2_C0_T04.tif,7175.09843366427,5373.9575,5663.068181818182,Expt2020_017_setIII_STLC_GM132_RO3306_mKate2-Astrin_Nuf2-GFP_GFP_timelapse_06_R3D_D3D_Z2_C1_T04.tif,5867.0045662100465,5386.8375,0.9652401183448196,3.0712312266331576,0.31428441791501505,cdki,set3_timelapse_cdki_cell_4,Expt2020_017_setIII_STLC_GM132_RO3306_mKate2-Astrin_Nuf2-GFP_GFP_timelapse_06_R3D_D3D
1035,1035,44_8,29,20235.1724137931,Expt2020_017_setIII_STLC_GM132_RO3306_mKate2-Astrin_Nuf2-GFP_GFP_timelapse_06_R3D_D3D_Z2_C0_T04.tif,7175.09843366427,5373.9575,8591.137931034482,Expt2020_017_setIII_STLC_GM132_RO3306_mKate2-Astrin_Nuf2-GFP_GFP_timelapse_06_R3D_D3D_Z2_C1_T04.tif,5867.0045662100465,5386.8375,1.4643141715814556,2.820194398846616,0.5192245513927412,cdki,set3_timelapse_cdki_cell_4,Expt2020_017_setIII_STLC_GM132_RO3306_mKate2-Astrin_Nuf2-GFP_GFP_timelapse_06_R3D_D3D
1036,1036,44_9,62,20953.935483870966,Expt2020_017_setIII_STLC_GM132_RO3306_mKate2-Astrin_Nuf2-GFP_GFP_timelapse_06_R3D_D3D_Z2_C0_T04.tif,7175.09843366427,5373.9575,6251.564516129032,Expt2020_017_setIII_STLC_GM132_RO3306_mKate2-Astrin_Nuf2-GFP_GFP_timelapse_06_R3D_D3D_Z2_C1_T04.tif,5867.0045662100465,5386.8375,1.0655462162299634,2.920369062194168,0.3648669717893066,cdki,set3_timelapse_cdki_cell_4,Expt2020_017_setIII_STLC_GM132_RO3306_mKate2-Astrin_Nuf2-GFP_GFP_timelapse_06_R3D_D3D
1037,1037,44_10,12,17402.666666666668,Expt2020_017_setIII_STLC_GM132_RO3306_mKate2-Astrin_Nuf2-GFP_GFP_timelapse_06_R3D_D3D_Z2_C0_T04.tif,7175.09843366427,5373.9575,8845.333333333334,Expt2020_017_setIII_STLC_GM132_RO3306_mKate2-Astrin_Nuf2-GFP_GFP_timelapse_06_R3D_D3D_Z2_C1_T04.tif,5867.0045662100465,5386.8375,1.5076404378950776,2.425425494515377,0.6215983303978252,cdki,set3_timelapse_cdki_cell_4,Expt2020_017_setIII_STLC_GM132_RO3306_mKate2-Astrin_Nuf2-GFP_GFP_timelapse_06_R3D_D3D
1038,1038,44_11,12,16710.75,Expt2020_017_setIII_STLC_GM132_RO3306_mKate2-Astrin_Nuf2-GFP_GFP_timelapse_06_R3D_D3D_Z2_C0_T04.tif,7175.09843366427,5373.9575,7239.75,Expt2020_017_setIII_STLC_GM132_RO3306_mKate2-Astrin_Nuf2-GFP_GFP_timelapse_06_R3D_D3D_Z2_C1_T04.tif,5867.0045662100465,5386.8375,1.2339772226693044,2.3289924388488066,0.5298330737729852,cdki,set3_timelapse_cdki_cell_4,Expt2020_017_setIII_STLC_GM132_RO3306_mKate2-Astrin_Nuf2-GFP_GFP_timelapse_06_R3D_D3D
1039,1039,44_12,16,17634.0625,Expt2020_017_setIII_STLC_GM132_RO3306_mKate2-Astrin_Nuf2-GFP_GFP_timelapse_06_R3D_D3D_Z2_C0_T04.tif,7175.09843366427,5373.9575,7331.75,Expt2020_017_setIII_STLC_GM132_RO3306_mKate2-Astrin_Nuf2-GFP_GFP_timelapse_06_R3D_D3D_Z2_C1_T04.tif,5867.0045662100465,5386.8375,1.2496581376850957,2.4576753424404822,0.508471609779093,cdki,set3_timelapse_cdki_cell_4,Expt2020_017_setIII_STLC_GM132_RO3306_mKate2-Astrin_Nuf2-GFP_GFP_timelapse_06_R3D_D3D
1040,1040,44_13,12,17554.25,Expt2020_017_setIII_STLC_GM132_RO3306_mKate2-Astrin_Nuf2-GFP_GFP_timelapse_06_R3D_D3D_Z2_C0_T04.tif,7175.09843366427,5373.9575,8500.583333333334,Expt2020_017_setIII_STLC_GM132_RO3306_mKate2-Astrin_Nuf2-GFP_GFP_timelapse_06_R3D_D3D_Z2_C1_T04.tif,5867.0045662100465,5386.8375,1.4488796177679677,2.446551801664298,0.592212932823392,cdki,set3_timelapse_cdki_cell_4,Expt2020_017_setIII_STLC_GM132_RO3306_mKate2-Astrin_Nuf2-GFP_GFP_timelapse_06_R3D_D3D
1041,1041,44_14,26,19645.0,Expt2020_017_setIII_STLC_GM132_RO3306_mKate2-Astrin_Nuf2-GFP_GFP_timelapse_06_R3D_D3D_Z2_C0_T04.tif,7175.09843366427,5373.9575,8800.346153846154,Expt2020_017_setIII_STLC_GM132_RO3306_mKate2-Astrin_Nuf2-GFP_GFP_timelapse_06_R3D_D3D_Z2_C1_T04.tif,5867.0045662100465,5386.8375,1.4999726103044404,2.737941532318107,0.5478468377060166,cdki,set3_timelapse_cdki_cell_4,Expt2020_017_setIII_STLC_GM132_RO3306_mKate2-Astrin_Nuf2-GFP_GFP_timelapse_06_R3D_D3D
1043,1043,44_16,32,19553.46875,Expt2020_017_setIII_STLC_GM132_RO3306_mKate2-Astrin_Nuf2-GFP_GFP_timelapse_06_R3D_D3D_Z2_C0_T04.tif,7175.09843366427,5373.9575,5743.125,Expt2020_017_setIII_STLC_GM132_RO3306_mKate2-Astrin_Nuf2-GFP_GFP_timelapse_06_R3D_D3D_Z2_C1_T04.tif,5867.0045662100465,5386.8375,0.9788853809789908,2.725184738687158,0.3591996414344237,cdki,set3_timelapse_cdki_cell_4,Expt2020_017_setIII_STLC_GM132_RO3306_mKate2-Astrin_Nuf2-GFP_GFP_timelapse_06_R3D_D3D
1045,1045,44_18,26,17944.346153846152,Expt2020_017_setIII_STLC_GM132_RO3306_mKate2-Astrin_Nuf2-GFP_GFP_timelapse_06_R3D_D3D_Z2_C0_T04.tif,7175.09843366427,5373.9575,7865.26923076923,Expt2020_017_setIII_STLC_GM132_RO3306_mKate2-Astrin_Nuf2-GFP_GFP_timelapse_06_R3D_D3D_Z2_C1_T04.tif,5867.0045662100465,5386.8375,1.3405936780870817,2.500919857719932,0.5360402389340416,cdki,set3_timelapse_cdki_cell_4,Expt2020_017_setIII_STLC_GM132_RO3306_mKate2-Astrin_Nuf2-GFP_GFP_timelapse_06_R3D_D3D
1046,1046,44_19,19,18110.526315789473,Expt2020_017_setIII_STLC_GM132_RO3306_mKate2-Astrin_Nuf2-GFP_GFP_timelapse_06_R3D_D3D_Z2_C0_T04.tif,7175.09843366427,5373.9575,6179.842105263158,Expt2020_017_setIII_STLC_GM132_RO3306_mKate2-Astrin_Nuf2-GFP_GFP_timelapse_06_R3D_D3D_Z2_C1_T04.tif,5867.0045662100465,5386.8375,1.0533215093874042,2.5240805381593296,0.4173089936961887,cdki,set3_timelapse_cdki_cell_4,Expt2020_017_setIII_STLC_GM132_RO3306_mKate2-Astrin_Nuf2-GFP_GFP_timelapse_06_R3D_D3D
1047,1047,44_20,32,19080.71875,Expt2020_017_setIII_STLC_GM132_RO3306_mKate2-Astrin_Nuf2-GFP_GFP_timelapse_06_R3D_D3D_Z2_C0_T04.tif,7175.09843366427,5373.9575,5431.625,Expt2020_017_setIII_STLC_GM132_RO3306_mKate2-Astrin_Nuf2-GFP_GFP_timelapse_06_R3D_D3D_Z2_C1_T04.tif,5867.0045662100465,5386.8375,0.9257918480722622,2.6592971408554766,0.34813403656518116,cdki,set3_timelapse_cdki_cell_4,Expt2020_017_setIII_STLC_GM132_RO3306_mKate2-Astrin_Nuf2-GFP_GFP_timelapse_06_R3D_D3D
1048,1048,44_21,30,17988.0,Expt2020_017_setIII_STLC_GM132_RO3306_mKate2-Astrin_Nuf2-GFP_GFP_timelapse_06_R3D_D3D_Z2_C0_T04.tif,7175.09843366427,5373.9575,6636.233333333334,Expt2020_017_setIII_STLC_GM132_RO3306_mKate2-Astrin_Nuf2-GFP_GFP_timelapse_06_R3D_D3D_Z2_C1_T04.tif,5867.0045662100465,5386.8375,1.1311109883148074,2.5070039339953225,0.451180380284524,cdki,set3_timelapse_cdki_cell_4,Expt2020_017_setIII_STLC_GM132_RO3306_mKate2-Astrin_Nuf2-GFP_GFP_timelapse_06_R3D_D3D
1049,1049,45_1,42,15849.97619047619,Expt2020_017_setIII_STLC_GM132_RO3306_mKate2-Astrin_Nuf2-GFP_GFP_timelapse_06_R3D_D3D_Z2_C0_T05.tif,7056.26588225245,5424.635,4790.523809523809,Expt2020_017_setIII_STLC_GM132_RO3306_mKate2-Astrin_Nuf2-GFP_GFP_timelapse_06_R3D_D3D_Z2_C1_T05.tif,5633.580263002014,5292.7975,0.8503515678981454,2.246227176663116,0.37856881829797184,cdki,set3_timelapse_cdki_cell_4,Expt2020_017_setIII_STLC_GM132_RO3306_mKate2-Astrin_Nuf2-GFP_GFP_timelapse_06_R3D_D3D
1050,1050,45_2,29,16066.862068965518,Expt2020_017_setIII_STLC_GM132_RO3306_mKate2-Astrin_Nuf2-GFP_GFP_timelapse_06_R3D_D3D_Z2_C0_T05.tif,7056.26588225245,5424.635,4979.068965517241,Expt2020_017_setIII_STLC_GM132_RO3306_mKate2-Astrin_Nuf2-GFP_GFP_timelapse_06_R3D_D3D_Z2_C1_T05.tif,5633.580263002014,5292.7975,0.8838196551874459,2.2769638130241163,0.3881570932888976,cdki,set3_timelapse_cdki_cell_4,Expt2020_017_setIII_STLC_GM132_RO3306_mKate2-Astrin_Nuf2-GFP_GFP_timelapse_06_R3D_D3D
1051,1051,45_3,21,15802.571428571431,Expt2020_017_setIII_STLC_GM132_RO3306_mKate2-Astrin_Nuf2-GFP_GFP_timelapse_06_R3D_D3D_Z2_C0_T05.tif,7056.26588225245,5424.635,5244.190476190476,Expt2020_017_setIII_STLC_GM132_RO3306_mKate2-Astrin_Nuf2-GFP_GFP_timelapse_06_R3D_D3D_Z2_C1_T05.tif,5633.580263002014,5292.7975,0.9308805823946776,2.2395090678650913,0.41566278777432225,cdki,set3_timelapse_cdki_cell_4,Expt2020_017_setIII_STLC_GM132_RO3306_mKate2-Astrin_Nuf2-GFP_GFP_timelapse_06_R3D_D3D
1052,1052,45_4,24,14918.416666666664,Expt2020_017_setIII_STLC_GM132_RO3306_mKate2-Astrin_Nuf2-GFP_GFP_timelapse_06_R3D_D3D_Z2_C0_T05.tif,7056.26588225245,5424.635,4949.75,Expt2020_017_setIII_STLC_GM132_RO3306_mKate2-Astrin_Nuf2-GFP_GFP_timelapse_06_R3D_D3D_Z2_C1_T05.tif,5633.580263002014,5292.7975,0.8786153332201544,2.11420840932152,0.4155765010423522,cdki,set3_timelapse_cdki_cell_4,Expt2020_017_setIII_STLC_GM132_RO3306_mKate2-Astrin_Nuf2-GFP_GFP_timelapse_06_R3D_D3D
1053,1053,45_5,18,14396.444444444443,Expt2020_017_setIII_STLC_GM132_RO3306_mKate2-Astrin_Nuf2-GFP_GFP_timelapse_06_R3D_D3D_Z2_C0_T05.tif,7056.26588225245,5424.635,3839.333333333334,Expt2020_017_setIII_STLC_GM132_RO3306_mKate2-Astrin_Nuf2-GFP_GFP_timelapse_06_R3D_D3D_Z2_C1_T05.tif,5633.580263002014,5292.7975,0.6815085885165743,2.04023554166994,0.33403426937595504,cdki,set3_timelapse_cdki_cell_4,Expt2020_017_setIII_STLC_GM132_RO3306_mKate2-Astrin_Nuf2-GFP_GFP_timelapse_06_R3D_D3D
1054,1054,45_6,12,15177.666666666664,Expt2020_017_setIII_STLC_GM132_RO3306_mKate2-Astrin_Nuf2-GFP_GFP_timelapse_06_R3D_D3D_Z2_C0_T05.tif,7056.26588225245,5424.635,6562.916666666668,Expt2020_017_setIII_STLC_GM132_RO3306_mKate2-Astrin_Nuf2-GFP_GFP_timelapse_06_R3D_D3D_Z2_C1_T05.tif,5633.580263002014,5292.7975,1.1649637282649508,2.1509488049253833,0.5416045819395332,cdki,set3_timelapse_cdki_cell_4,Expt2020_017_setIII_STLC_GM132_RO3306_mKate2-Astrin_Nuf2-GFP_GFP_timelapse_06_R3D_D3D
1055,1055,45_7,21,15446.333333333336,Expt2020_017_setIII_STLC_GM132_RO3306_mKate2-Astrin_Nuf2-GFP_GFP_timelapse_06_R3D_D3D_Z2_C0_T05.tif,7056.26588225245,5424.635,5384.095238095239,Expt2020_017_setIII_STLC_GM132_RO3306_mKate2-Astrin_Nuf2-GFP_GFP_timelapse_06_R3D_D3D_Z2_C1_T05.tif,5633.580263002014,5292.7975,0.9557146586611638,2.189023711844978,0.43659401836979533,cdki,set3_timelapse_cdki_cell_4,Expt2020_017_setIII_STLC_GM132_RO3306_mKate2-Astrin_Nuf2-GFP_GFP_timelapse_06_R3D_D3D
1056,1056,45_8,58,18939.931034482757,Expt2020_017_setIII_STLC_GM132_RO3306_mKate2-Astrin_Nuf2-GFP_GFP_timelapse_06_R3D_D3D_Z2_C0_T05.tif,7056.26588225245,5424.635,5329.603448275861,Expt2020_017_setIII_STLC_GM132_RO3306_mKate2-Astrin_Nuf2-GFP_GFP_timelapse_06_R3D_D3D_Z2_C1_T05.tif,5633.580263002014,5292.7975,0.9460419838654841,2.684129446159261,0.352457660050331,cdki,set3_timelapse_cdki_cell_4,Expt2020_017_setIII_STLC_GM132_RO3306_mKate2-Astrin_Nuf2-GFP_GFP_timelapse_06_R3D_D3D
1057,1057,45_9,10,16014.1,Expt2020_017_setIII_STLC_GM132_RO3306_mKate2-Astrin_Nuf2-GFP_GFP_timelapse_06_R3D_D3D_Z2_C0_T05.tif,7056.26588225245,5424.635,5378.1,Expt2020_017_setIII_STLC_GM132_RO3306_mKate2-Astrin_Nuf2-GFP_GFP_timelapse_06_R3D_D3D_Z2_C1_T05.tif,5633.580263002014,5292.7975,0.9546504618599551,2.2694864772992505,0.42064602341055346,cdki,set3_timelapse_cdki_cell_4,Expt2020_017_setIII_STLC_GM132_RO3306_mKate2-Astrin_Nuf2-GFP_GFP_timelapse_06_R3D_D3D
1058,1058,45_10,21,14274.142857142857,Expt2020_017_setIII_STLC_GM132_RO3306_mKate2-Astrin_Nuf2-GFP_GFP_timelapse_06_R3D_D3D_Z2_C0_T05.tif,7056.26588225245,5424.635,6686.333333333332,Expt2020_017_setIII_STLC_GM132_RO3306_mKate2-Astrin_Nuf2-GFP_GFP_timelapse_06_R3D_D3D_Z2_C1_T05.tif,5633.580263002014,5292.7975,1.1868710520102412,2.02290320338473,0.5867166802763295,cdki,set3_timelapse_cdki_cell_4,Expt2020_017_setIII_STLC_GM132_RO3306_mKate2-Astrin_Nuf2-GFP_GFP_timelapse_06_R3D_D3D
1059,1059,45_11,44,17797.0,Expt2020_017_setIII_STLC_GM132_RO3306_mKate2-Astrin_Nuf2-GFP_GFP_timelapse_06_R3D_D3D_Z2_C0_T05.tif,7056.26588225245,5424.635,7704.363636363636,Expt2020_017_setIII_STLC_GM132_RO3306_mKate2-Astrin_Nuf2-GFP_GFP_timelapse_06_R3D_D3D_Z2_C1_T05.tif,5633.580263002014,5292.7975,1.3675785693444875,2.5221555277221173,0.542226105532681,cdki,set3_timelapse_cdki_cell_4,Expt2020_017_setIII_STLC_GM132_RO3306_mKate2-Astrin_Nuf2-GFP_GFP_timelapse_06_R3D_D3D
1060,1060,45_12,84,18214.98809523809,Expt2020_017_setIII_STLC_GM132_RO3306_mKate2-Astrin_Nuf2-GFP_GFP_timelapse_06_R3D_D3D_Z2_C0_T05.tif,7056.26588225245,5424.635,5839.952380952382,Expt2020_017_setIII_STLC_GM132_RO3306_mKate2-Astrin_Nuf2-GFP_GFP_timelapse_06_R3D_D3D_Z2_C1_T05.tif,5633.580263002014,5292.7975,1.0366324980413781,2.5813919712197175,0.4015788805415573,cdki,set3_timelapse_cdki_cell_4,Expt2020_017_setIII_STLC_GM132_RO3306_mKate2-Astrin_Nuf2-GFP_GFP_timelapse_06_R3D_D3D
1061,1061,45_13,31,17020.09677419355,Expt2020_017_setIII_STLC_GM132_RO3306_mKate2-Astrin_Nuf2-GFP_GFP_timelapse_06_R3D_D3D_Z2_C0_T05.tif,7056.26588225245,5424.635,7730.935483870968,Expt2020_017_setIII_STLC_GM132_RO3306_mKate2-Astrin_Nuf2-GFP_GFP_timelapse_06_R3D_D3D_Z2_C1_T05.tif,5633.580263002014,5292.7975,1.3722952586019104,2.4120543440690922,0.5689321478084416,cdki,set3_timelapse_cdki_cell_4,Expt2020_017_setIII_STLC_GM132_RO3306_mKate2-Astrin_Nuf2-GFP_GFP_timelapse_06_R3D_D3D
1062,1062,45_14,19,15375.052631578948,Expt2020_017_setIII_STLC_GM132_RO3306_mKate2-Astrin_Nuf2-GFP_GFP_timelapse_06_R3D_D3D_Z2_C0_T05.tif,7056.26588225245,5424.635,7590.789473684212,Expt2020_017_setIII_STLC_GM132_RO3306_mKate2-Astrin_Nuf2-GFP_GFP_timelapse_06_R3D_D3D_Z2_C1_T05.tif,5633.580263002014,5292.7975,1.3474183590737097,2.1789219522253935,0.6183876194819892,cdki,set3_timelapse_cdki_cell_4,Expt2020_017_setIII_STLC_GM132_RO3306_mKate2-Astrin_Nuf2-GFP_GFP_timelapse_06_R3D_D3D
1063,1063,45_15,19,16423.368421052633,Expt2020_017_setIII_STLC_GM132_RO3306_mKate2-Astrin_Nuf2-GFP_GFP_timelapse_06_R3D_D3D_Z2_C0_T05.tif,7056.26588225245,5424.635,7138.315789473684,Expt2020_017_setIII_STLC_GM132_RO3306_mKate2-Astrin_Nuf2-GFP_GFP_timelapse_06_R3D_D3D_Z2_C1_T05.tif,5633.580263002014,5292.7975,1.2671011073284733,2.327487185872606,0.5444073398210441,cdki,set3_timelapse_cdki_cell_4,Expt2020_017_setIII_STLC_GM132_RO3306_mKate2-Astrin_Nuf2-GFP_GFP_timelapse_06_R3D_D3D
1064,1064,45_16,26,16375.307692307693,Expt2020_017_setIII_STLC_GM132_RO3306_mKate2-Astrin_Nuf2-GFP_GFP_timelapse_06_R3D_D3D_Z2_C0_T05.tif,7056.26588225245,5424.635,7136.346153846153,Expt2020_017_setIII_STLC_GM132_RO3306_mKate2-Astrin_Nuf2-GFP_GFP_timelapse_06_R3D_D3D_Z2_C1_T05.tif,5633.580263002014,5292.7975,1.2667514831932736,2.320676114755541,0.5458544926363896,cdki,set3_timelapse_cdki_cell_4,Expt2020_017_setIII_STLC_GM132_RO3306_mKate2-Astrin_Nuf2-GFP_GFP_timelapse_06_R3D_D3D
1065,1065,45_17,32,18705.75,Expt2020_017_setIII_STLC_GM132_RO3306_mKate2-Astrin_Nuf2-GFP_GFP_timelapse_06_R3D_D3D_Z2_C0_T05.tif,7056.26588225245,5424.635,7744.1875,Expt2020_017_setIII_STLC_GM132_RO3306_mKate2-Astrin_Nuf2-GFP_GFP_timelapse_06_R3D_D3D_Z2_C1_T05.tif,5633.580263002014,5292.7975,1.3746475843894852,2.6509417746074058,0.5185506515295174,cdki,set3_timelapse_cdki_cell_4,Expt2020_017_setIII_STLC_GM132_RO3306_mKate2-Astrin_Nuf2-GFP_GFP_timelapse_06_R3D_D3D
1066,1066,45_18,30,18533.8,Expt2020_017_setIII_STLC_GM132_RO3306_mKate2-Astrin_Nuf2-GFP_GFP_timelapse_06_R3D_D3D_Z2_C0_T05.tif,7056.26588225245,5424.635,5230.033333333334,Expt2020_017_setIII_STLC_GM132_RO3306_mKate2-Astrin_Nuf2-GFP_GFP_timelapse_06_R3D_D3D_Z2_C1_T05.tif,5633.580263002014,5292.7975,0.9283675902660098,2.6265733617854794,0.35345199329781085,cdki,set3_timelapse_cdki_cell_4,Expt2020_017_setIII_STLC_GM132_RO3306_mKate2-Astrin_Nuf2-GFP_GFP_timelapse_06_R3D_D3D
1068,1068,45_20,72,17334.652777777777,Expt2020_017_setIII_STLC_GM132_RO3306_mKate2-Astrin_Nuf2-GFP_GFP_timelapse_06_R3D_D3D_Z2_C0_T05.tif,7056.26588225245,5424.635,6730.86111111111,Expt2020_017_setIII_STLC_GM132_RO3306_mKate2-Astrin_Nuf2-GFP_GFP_timelapse_06_R3D_D3D_Z2_C1_T05.tif,5633.580263002014,5292.7975,1.1947750447997307,2.456632596764386,0.48634665451128545,cdki,set3_timelapse_cdki_cell_4,Expt2020_017_setIII_STLC_GM132_RO3306_mKate2-Astrin_Nuf2-GFP_GFP_timelapse_06_R3D_D3D
1070,1070,45_22,26,17738.115384615383,Expt2020_017_setIII_STLC_GM132_RO3306_mKate2-Astrin_Nuf2-GFP_GFP_timelapse_06_R3D_D3D_Z2_C0_T05.tif,7056.26588225245,5424.635,6716.423076923077,Expt2020_017_setIII_STLC_GM132_RO3306_mKate2-Astrin_Nuf2-GFP_GFP_timelapse_06_R3D_D3D_Z2_C1_T05.tif,5633.580263002014,5292.7975,1.1922121924901872,2.5138105168669114,0.47426493941798814,cdki,set3_timelapse_cdki_cell_4,Expt2020_017_setIII_STLC_GM132_RO3306_mKate2-Astrin_Nuf2-GFP_GFP_timelapse_06_R3D_D3D
1071,1071,46_1,43,15321.32558139535,Expt2020_017_setIII_STLC_GM132_RO3306_mKate2-Astrin_Nuf2-GFP_GFP_timelapse_06_R3D_D3D_Z2_C0_T06.tif,6900.654659934175,5358.36,4974.1627906976755,Expt2020_017_setIII_STLC_GM132_RO3306_mKate2-Astrin_Nuf2-GFP_GFP_timelapse_06_R3D_D3D_Z2_C1_T06.tif,5237.629398247882,5233.345,0.949697355899533,2.220271312858525,0.42773932645052704,cdki,set3_timelapse_cdki_cell_4,Expt2020_017_setIII_STLC_GM132_RO3306_mKate2-Astrin_Nuf2-GFP_GFP_timelapse_06_R3D_D3D
1072,1072,46_2,34,14872.970588235294,Expt2020_017_setIII_STLC_GM132_RO3306_mKate2-Astrin_Nuf2-GFP_GFP_timelapse_06_R3D_D3D_Z2_C0_T06.tif,6900.654659934175,5358.36,4791.794117647059,Expt2020_017_setIII_STLC_GM132_RO3306_mKate2-Astrin_Nuf2-GFP_GFP_timelapse_06_R3D_D3D_Z2_C1_T06.tif,5237.629398247882,5233.345,0.9148784217627222,2.1552984928501213,0.4244787554010239,cdki,set3_timelapse_cdki_cell_4,Expt2020_017_setIII_STLC_GM132_RO3306_mKate2-Astrin_Nuf2-GFP_GFP_timelapse_06_R3D_D3D
1073,1073,46_3,21,15897.761904761905,Expt2020_017_setIII_STLC_GM132_RO3306_mKate2-Astrin_Nuf2-GFP_GFP_timelapse_06_R3D_D3D_Z2_C0_T06.tif,6900.654659934175,5358.36,5583.666666666668,Expt2020_017_setIII_STLC_GM132_RO3306_mKate2-Astrin_Nuf2-GFP_GFP_timelapse_06_R3D_D3D_Z2_C1_T06.tif,5237.629398247882,5233.345,1.0660675359227485,2.303804883479498,0.46274211135130433,cdki,set3_timelapse_cdki_cell_4,Expt2020_017_setIII_STLC_GM132_RO3306_mKate2-Astrin_Nuf2-GFP_GFP_timelapse_06_R3D_D3D
1074,1074,46_4,21,14401.047619047617,Expt2020_017_setIII_STLC_GM132_RO3306_mKate2-Astrin_Nuf2-GFP_GFP_timelapse_06_R3D_D3D_Z2_C0_T06.tif,6900.654659934175,5358.36,5159.428571428572,Expt2020_017_setIII_STLC_GM132_RO3306_mKate2-Astrin_Nuf2-GFP_GFP_timelapse_06_R3D_D3D_Z2_C1_T06.tif,5237.629398247882,5233.345,0.9850694234216971,2.086910348182094,0.4720228754818291,cdki,set3_timelapse_cdki_cell_4,Expt2020_017_setIII_STLC_GM132_RO3306_mKate2-Astrin_Nuf2-GFP_GFP_timelapse_06_R3D_D3D
1075,1075,46_5,19,14163.421052631576,Expt2020_017_setIII_STLC_GM132_RO3306_mKate2-Astrin_Nuf2-GFP_GFP_timelapse_06_R3D_D3D_Z2_C0_T06.tif,6900.654659934175,5358.36,5589.684210526316,Expt2020_017_setIII_STLC_GM132_RO3306_mKate2-Astrin_Nuf2-GFP_GFP_timelapse_06_R3D_D3D_Z2_C1_T06.tif,5237.629398247882,5233.345,1.0672164419262282,2.0524749825354514,0.5199656273558475,cdki,set3_timelapse_cdki_cell_4,Expt2020_017_setIII_STLC_GM132_RO3306_mKate2-Astrin_Nuf2-GFP_GFP_timelapse_06_R3D_D3D
1076,1076,46_6,37,13632.783783783783,Expt2020_017_setIII_STLC_GM132_RO3306_mKate2-Astrin_Nuf2-GFP_GFP_timelapse_06_R3D_D3D_Z2_C0_T06.tif,6900.654659934175,5358.36,4842.297297297298,Expt2020_017_setIII_STLC_GM132_RO3306_mKate2-Astrin_Nuf2-GFP_GFP_timelapse_06_R3D_D3D_Z2_C1_T06.tif,5237.629398247882,5233.345,0.9245207954035786,1.975578326348797,0.4679747611486756,cdki,set3_timelapse_cdki_cell_4,Expt2020_017_setIII_STLC_GM132_RO3306_mKate2-Astrin_Nuf2-GFP_GFP_timelapse_06_R3D_D3D
1077,1077,46_7,28,13936.0,Expt2020_017_setIII_STLC_GM132_RO3306_mKate2-Astrin_Nuf2-GFP_GFP_timelapse_06_R3D_D3D_Z2_C0_T06.tif,6900.654659934175,5358.36,4993.035714285715,Expt2020_017_setIII_STLC_GM132_RO3306_mKate2-Astrin_Nuf2-GFP_GFP_timelapse_06_R3D_D3D_Z2_C1_T06.tif,5237.629398247882,5233.345,0.953300689039971,2.0195185365402617,0.4720435449298317,cdki,set3_timelapse_cdki_cell_4,Expt2020_017_setIII_STLC_GM132_RO3306_mKate2-Astrin_Nuf2-GFP_GFP_timelapse_06_R3D_D3D
1078,1078,46_8,26,14504.653846153846,Expt2020_017_setIII_STLC_GM132_RO3306_mKate2-Astrin_Nuf2-GFP_GFP_timelapse_06_R3D_D3D_Z2_C0_T06.tif,6900.654659934175,5358.36,4779.461538461538,Expt2020_017_setIII_STLC_GM132_RO3306_mKate2-Astrin_Nuf2-GFP_GFP_timelapse_06_R3D_D3D_Z2_C1_T06.tif,5237.629398247882,5233.345,0.912523810879095,2.101924318915592,0.434137329620829,cdki,set3_timelapse_cdki_cell_4,Expt2020_017_setIII_STLC_GM132_RO3306_mKate2-Astrin_Nuf2-GFP_GFP_timelapse_06_R3D_D3D
1079,1079,46_9,62,16196.935483870966,Expt2020_017_setIII_STLC_GM132_RO3306_mKate2-Astrin_Nuf2-GFP_GFP_timelapse_06_R3D_D3D_Z2_C0_T06.tif,6900.654659934175,5358.36,5269.112903225807,Expt2020_017_setIII_STLC_GM132_RO3306_mKate2-Astrin_Nuf2-GFP_GFP_timelapse_06_R3D_D3D_Z2_C1_T06.tif,5237.629398247882,5233.345,1.0060110218925487,2.347159259818034,0.4286079087665064,cdki,set3_timelapse_cdki_cell_4,Expt2020_017_setIII_STLC_GM132_RO3306_mKate2-Astrin_Nuf2-GFP_GFP_timelapse_06_R3D_D3D
1080,1080,46_10,30,15373.066666666668,Expt2020_017_setIII_STLC_GM132_RO3306_mKate2-Astrin_Nuf2-GFP_GFP_timelapse_06_R3D_D3D_Z2_C0_T06.tif,6900.654659934175,5358.36,5014.9,Expt2020_017_setIII_STLC_GM132_RO3306_mKate2-Astrin_Nuf2-GFP_GFP_timelapse_06_R3D_D3D_Z2_C1_T06.tif,5237.629398247882,5233.345,0.9574751511967626,2.227769309472054,0.42979097841314146,cdki,set3_timelapse_cdki_cell_4,Expt2020_017_setIII_STLC_GM132_RO3306_mKate2-Astrin_Nuf2-GFP_GFP_timelapse_06_R3D_D3D
1081,1081,46_11,26,15144.115384615383,Expt2020_017_setIII_STLC_GM132_RO3306_mKate2-Astrin_Nuf2-GFP_GFP_timelapse_06_R3D_D3D_Z2_C0_T06.tif,6900.654659934175,5358.36,7167.153846153847,Expt2020_017_setIII_STLC_GM132_RO3306_mKate2-Astrin_Nuf2-GFP_GFP_timelapse_06_R3D_D3D_Z2_C1_T06.tif,5237.629398247882,5233.345,1.3683965208671387,2.1945911121365755,0.6235314238263349,cdki,set3_timelapse_cdki_cell_4,Expt2020_017_setIII_STLC_GM132_RO3306_mKate2-Astrin_Nuf2-GFP_GFP_timelapse_06_R3D_D3D
1082,1082,46_12,55,16552.872727272726,Expt2020_017_setIII_STLC_GM132_RO3306_mKate2-Astrin_Nuf2-GFP_GFP_timelapse_06_R3D_D3D_Z2_C0_T06.tif,6900.654659934175,5358.36,7398.345454545454,Expt2020_017_setIII_STLC_GM132_RO3306_mKate2-Astrin_Nuf2-GFP_GFP_timelapse_06_R3D_D3D_Z2_C1_T06.tif,5237.629398247882,5233.345,1.4125370262012784,2.398739473716922,0.5888663782284401,cdki,set3_timelapse_cdki_cell_4,Expt2020_017_setIII_STLC_GM132_RO3306_mKate2-Astrin_Nuf2-GFP_GFP_timelapse_06_R3D_D3D
1085,1085,46_15,85,17084.49411764706,Expt2020_017_setIII_STLC_GM132_RO3306_mKate2-Astrin_Nuf2-GFP_GFP_timelapse_06_R3D_D3D_Z2_C0_T06.tif,6900.654659934175,5358.36,6043.352941176469,Expt2020_017_setIII_STLC_GM132_RO3306_mKate2-Astrin_Nuf2-GFP_GFP_timelapse_06_R3D_D3D_Z2_C1_T06.tif,5237.629398247882,5233.345,1.1538336300002674,2.47577874268092,0.4660487668420757,cdki,set3_timelapse_cdki_cell_4,Expt2020_017_setIII_STLC_GM132_RO3306_mKate2-Astrin_Nuf2-GFP_GFP_timelapse_06_R3D_D3D
1086,1086,46_16,36,14894.972222222224,Expt2020_017_setIII_STLC_GM132_RO3306_mKate2-Astrin_Nuf2-GFP_GFP_timelapse_06_R3D_D3D_Z2_C0_T06.tif,6900.654659934175,5358.36,6849.722222222223,Expt2020_017_setIII_STLC_GM132_RO3306_mKate2-Astrin_Nuf2-GFP_GFP_timelapse_06_R3D_D3D_Z2_C1_T06.tif,5237.629398247882,5233.345,1.3077905482418488,2.1584868329527893,0.6058830326302264,cdki,set3_timelapse_cdki_cell_4,Expt2020_017_setIII_STLC_GM132_RO3306_mKate2-Astrin_Nuf2-GFP_GFP_timelapse_06_R3D_D3D
1087,1087,46_17,30,14165.533333333333,Expt2020_017_setIII_STLC_GM132_RO3306_mKate2-Astrin_Nuf2-GFP_GFP_timelapse_06_R3D_D3D_Z2_C0_T06.tif,6900.654659934175,5358.36,6413.9333333333325,Expt2020_017_setIII_STLC_GM132_RO3306_mKate2-Astrin_Nuf2-GFP_GFP_timelapse_06_R3D_D3D_Z2_C1_T06.tif,5237.629398247882,5233.345,1.2245870880973277,2.0527810811312874,0.5965502602072199,cdki,set3_timelapse_cdki_cell_4,Expt2020_017_setIII_STLC_GM132_RO3306_mKate2-Astrin_Nuf2-GFP_GFP_timelapse_06_R3D_D3D
1088,1088,46_18,21,15566.952380952383,Expt2020_017_setIII_STLC_GM132_RO3306_mKate2-Astrin_Nuf2-GFP_GFP_timelapse_06_R3D_D3D_Z2_C0_T06.tif,6900.654659934175,5358.36,7154.714285714284,Expt2020_017_setIII_STLC_GM132_RO3306_mKate2-Astrin_Nuf2-GFP_GFP_timelapse_06_R3D_D3D_Z2_C1_T06.tif,5237.629398247882,5233.345,1.3660214844730547,2.2558660225870333,0.6055419385706681,cdki,set3_timelapse_cdki_cell_4,Expt2020_017_setIII_STLC_GM132_RO3306_mKate2-Astrin_Nuf2-GFP_GFP_timelapse_06_R3D_D3D
1089,1089,46_19,8,14657.0,Expt2020_017_setIII_STLC_GM132_RO3306_mKate2-Astrin_Nuf2-GFP_GFP_timelapse_06_R3D_D3D_Z2_C0_T06.tif,6900.654659934175,5358.36,7070.625,Expt2020_017_setIII_STLC_GM132_RO3306_mKate2-Astrin_Nuf2-GFP_GFP_timelapse_06_R3D_D3D_Z2_C1_T06.tif,5237.629398247882,5233.345,1.3499666475763445,2.1240013770142516,0.635577105639177,cdki,set3_timelapse_cdki_cell_4,Expt2020_017_setIII_STLC_GM132_RO3306_mKate2-Astrin_Nuf2-GFP_GFP_timelapse_06_R3D_D3D
1090,1090,46_20,26,16195.153846153846,Expt2020_017_setIII_STLC_GM132_RO3306_mKate2-Astrin_Nuf2-GFP_GFP_timelapse_06_R3D_D3D_Z2_C0_T06.tif,6900.654659934175,5358.36,7356.576923076923,Expt2020_017_setIII_STLC_GM132_RO3306_mKate2-Astrin_Nuf2-GFP_GFP_timelapse_06_R3D_D3D_Z2_C1_T06.tif,5237.629398247882,5233.345,1.4045623246153847,2.346901075949268,0.598475299623471,cdki,set3_timelapse_cdki_cell_4,Expt2020_017_setIII_STLC_GM132_RO3306_mKate2-Astrin_Nuf2-GFP_GFP_timelapse_06_R3D_D3D
1091,1091,46_21,21,16282.095238095239,Expt2020_017_setIII_STLC_GM132_RO3306_mKate2-Astrin_Nuf2-GFP_GFP_timelapse_06_R3D_D3D_Z2_C0_T06.tif,6900.654659934175,5358.36,8294.904761904761,Expt2020_017_setIII_STLC_GM132_RO3306_mKate2-Astrin_Nuf2-GFP_GFP_timelapse_06_R3D_D3D_Z2_C1_T06.tif,5237.629398247882,5233.345,1.5837135717696282,2.359500082308213,0.6712072543012327,cdki,set3_timelapse_cdki_cell_4,Expt2020_017_setIII_STLC_GM132_RO3306_mKate2-Astrin_Nuf2-GFP_GFP_timelapse_06_R3D_D3D
1092,1092,46_22,32,20747.90625,Expt2020_017_setIII_STLC_GM132_RO3306_mKate2-Astrin_Nuf2-GFP_GFP_timelapse_06_R3D_D3D_Z2_C0_T06.tif,6900.654659934175,5358.36,5575.25,Expt2020_017_setIII_STLC_GM132_RO3306_mKate2-Astrin_Nuf2-GFP_GFP_timelapse_06_R3D_D3D_Z2_C1_T06.tif,5237.629398247882,5233.345,1.06446057482896,3.006657668360688,0.35403451015736453,cdki,set3_timelapse_cdki_cell_4,Expt2020_017_setIII_STLC_GM132_RO3306_mKate2-Astrin_Nuf2-GFP_GFP_timelapse_06_R3D_D3D
1093,1093,46_23,12,14324.833333333336,Expt2020_017_setIII_STLC_GM132_RO3306_mKate2-Astrin_Nuf2-GFP_GFP_timelapse_06_R3D_D3D_Z2_C0_T06.tif,6900.654659934175,5358.36,7141.583333333332,Expt2020_017_setIII_STLC_GM132_RO3306_mKate2-Astrin_Nuf2-GFP_GFP_timelapse_06_R3D_D3D_Z2_C1_T06.tif,5237.629398247882,5233.345,1.363514443332392,2.0758658474107703,0.6568413103539928,cdki,set3_timelapse_cdki_cell_4,Expt2020_017_setIII_STLC_GM132_RO3306_mKate2-Astrin_Nuf2-GFP_GFP_timelapse_06_R3D_D3D
1095,1095,46_25,116,16163.991379310344,Expt2020_017_setIII_STLC_GM132_RO3306_mKate2-Astrin_Nuf2-GFP_GFP_timelapse_06_R3D_D3D_Z2_C0_T06.tif,6900.654659934175,5358.36,6422.836206896552,Expt2020_017_setIII_STLC_GM132_RO3306_mKate2-Astrin_Nuf2-GFP_GFP_timelapse_06_R3D_D3D_Z2_C1_T06.tif,5237.629398247882,5233.345,1.2262868787633487,2.3423852048646836,0.5235205875688537,cdki,set3_timelapse_cdki_cell_4,Expt2020_017_setIII_STLC_GM132_RO3306_mKate2-Astrin_Nuf2-GFP_GFP_timelapse_06_R3D_D3D
1097,1097,46_27,25,15005.12,Expt2020_017_setIII_STLC_GM132_RO3306_mKate2-Astrin_Nuf2-GFP_GFP_timelapse_06_R3D_D3D_Z2_C0_T06.tif,6900.654659934175,5358.36,6025.48,Expt2020_017_setIII_STLC_GM132_RO3306_mKate2-Astrin_Nuf2-GFP_GFP_timelapse_06_R3D_D3D_Z2_C1_T06.tif,5237.629398247882,5233.345,1.1504212195722885,2.17444876456738,0.5290633830138426,cdki,set3_timelapse_cdki_cell_4,Expt2020_017_setIII_STLC_GM132_RO3306_mKate2-Astrin_Nuf2-GFP_GFP_timelapse_06_R3D_D3D
1098,1098,46_28,21,14577.190476190475,Expt2020_017_setIII_STLC_GM132_RO3306_mKate2-Astrin_Nuf2-GFP_GFP_timelapse_06_R3D_D3D_Z2_C0_T06.tif,6900.654659934175,5358.36,5846.619047619048,Expt2020_017_setIII_STLC_GM132_RO3306_mKate2-Astrin_Nuf2-GFP_GFP_timelapse_06_R3D_D3D_Z2_C1_T06.tif,5237.629398247882,5233.345,1.1162720007595208,2.1124358766751454,0.5284288214781079,cdki,set3_timelapse_cdki_cell_4,Expt2020_017_setIII_STLC_GM132_RO3306_mKate2-Astrin_Nuf2-GFP_GFP_timelapse_06_R3D_D3D
1099,1099,47_1,41,14821.658536585366,Expt2020_017_setIII_STLC_GM132_RO3306_mKate2-Astrin_Nuf2-GFP_GFP_timelapse_06_R3D_D3D_Z2_C0_T07.tif,6859.837692195661,5292.5725,4986.536585365854,Expt2020_017_setIII_STLC_GM132_RO3306_mKate2-Astrin_Nuf2-GFP_GFP_timelapse_06_R3D_D3D_Z2_C1_T07.tif,5129.890449438202,5013.8075,0.9720551802255256,2.1606427442806346,0.44989167357658755,cdki,set3_timelapse_cdki_cell_4,Expt2020_017_setIII_STLC_GM132_RO3306_mKate2-Astrin_Nuf2-GFP_GFP_timelapse_06_R3D_D3D
1100,1100,47_2,36,13630.083333333336,Expt2020_017_setIII_STLC_GM132_RO3306_mKate2-Astrin_Nuf2-GFP_GFP_timelapse_06_R3D_D3D_Z2_C0_T07.tif,6859.837692195661,5292.5725,4591.38888888889,Expt2020_017_setIII_STLC_GM132_RO3306_mKate2-Astrin_Nuf2-GFP_GFP_timelapse_06_R3D_D3D_Z2_C1_T07.tif,5129.890449438202,5013.8075,0.89502669387252,1.9869396252392513,0.4504549018517601,cdki,set3_timelapse_cdki_cell_4,Expt2020_017_setIII_STLC_GM132_RO3306_mKate2-Astrin_Nuf2-GFP_GFP_timelapse_06_R3D_D3D
1101,1101,47_3,30,13846.966666666667,Expt2020_017_setIII_STLC_GM132_RO3306_mKate2-Astrin_Nuf2-GFP_GFP_timelapse_06_R3D_D3D_Z2_C0_T07.tif,6859.837692195661,5292.5725,5284.433333333333,Expt2020_017_setIII_STLC_GM132_RO3306_mKate2-Astrin_Nuf2-GFP_GFP_timelapse_06_R3D_D3D_Z2_C1_T07.tif,5129.890449438202,5013.8075,1.030125961834537,2.018556019542585,0.5103281513425467,cdki,set3_timelapse_cdki_cell_4,Expt2020_017_setIII_STLC_GM132_RO3306_mKate2-Astrin_Nuf2-GFP_GFP_timelapse_06_R3D_D3D
1102,1102,47_4,20,14362.75,Expt2020_017_setIII_STLC_GM132_RO3306_mKate2-Astrin_Nuf2-GFP_GFP_timelapse_06_R3D_D3D_Z2_C0_T07.tif,6859.837692195661,5292.5725,5206.65,Expt2020_017_setIII_STLC_GM132_RO3306_mKate2-Astrin_Nuf2-GFP_GFP_timelapse_06_R3D_D3D_Z2_C1_T07.tif,5129.890449438202,5013.8075,1.014963194890488,2.093744873343038,0.48475972780289983,cdki,set3_timelapse_cdki_cell_4,Expt2020_017_setIII_STLC_GM132_RO3306_mKate2-Astrin_Nuf2-GFP_GFP_timelapse_06_R3D_D3D
1103,1103,47_5,36,13731.694444444443,Expt2020_017_setIII_STLC_GM132_RO3306_mKate2-Astrin_Nuf2-GFP_GFP_timelapse_06_R3D_D3D_Z2_C0_T07.tif,6859.837692195661,5292.5725,5228.305555555556,Expt2020_017_setIII_STLC_GM132_RO3306_mKate2-Astrin_Nuf2-GFP_GFP_timelapse_06_R3D_D3D_Z2_C1_T07.tif,5129.890449438202,5013.8075,1.0191846408977665,2.0017520910249518,0.5091462851306008,cdki,set3_timelapse_cdki_cell_4,Expt2020_017_setIII_STLC_GM132_RO3306_mKate2-Astrin_Nuf2-GFP_GFP_timelapse_06_R3D_D3D
1104,1104,47_6,34,13914.411764705883,Expt2020_017_setIII_STLC_GM132_RO3306_mKate2-Astrin_Nuf2-GFP_GFP_timelapse_06_R3D_D3D_Z2_C0_T07.tif,6859.837692195661,5292.5725,5017.529411764705,Expt2020_017_setIII_STLC_GM132_RO3306_mKate2-Astrin_Nuf2-GFP_GFP_timelapse_06_R3D_D3D_Z2_C1_T07.tif,5129.890449438202,5013.8075,0.9780967958709913,2.028387899109641,0.48220401842286975,cdki,set3_timelapse_cdki_cell_4,Expt2020_017_setIII_STLC_GM132_RO3306_mKate2-Astrin_Nuf2-GFP_GFP_timelapse_06_R3D_D3D
1105,1105,47_7,40,13526.15,Expt2020_017_setIII_STLC_GM132_RO3306_mKate2-Astrin_Nuf2-GFP_GFP_timelapse_06_R3D_D3D_Z2_C0_T07.tif,6859.837692195661,5292.5725,4818.45,Expt2020_017_setIII_STLC_GM132_RO3306_mKate2-Astrin_Nuf2-GFP_GFP_timelapse_06_R3D_D3D_Z2_C1_T07.tif,5129.890449438202,5013.8075,0.9392890642582222,1.9717886350851286,0.4763639710387468,cdki,set3_timelapse_cdki_cell_4,Expt2020_017_setIII_STLC_GM132_RO3306_mKate2-Astrin_Nuf2-GFP_GFP_timelapse_06_R3D_D3D
1106,1106,47_8,30,14328.633333333333,Expt2020_017_setIII_STLC_GM132_RO3306_mKate2-Astrin_Nuf2-GFP_GFP_timelapse_06_R3D_D3D_Z2_C0_T07.tif,6859.837692195661,5292.5725,4524.2,Expt2020_017_setIII_STLC_GM132_RO3306_mKate2-Astrin_Nuf2-GFP_GFP_timelapse_06_R3D_D3D_Z2_C1_T07.tif,5129.890449438202,5013.8075,0.8819291648802102,2.088771480648123,0.4222238636686849,cdki,set3_timelapse_cdki_cell_4,Expt2020_017_setIII_STLC_GM132_RO3306_mKate2-Astrin_Nuf2-GFP_GFP_timelapse_06_R3D_D3D
1107,1107,47_9,73,15494.342465753423,Expt2020_017_setIII_STLC_GM132_RO3306_mKate2-Astrin_Nuf2-GFP_GFP_timelapse_06_R3D_D3D_Z2_C0_T07.tif,6859.837692195661,5292.5725,5081.9178082191775,Expt2020_017_setIII_STLC_GM132_RO3306_mKate2-Astrin_Nuf2-GFP_GFP_timelapse_06_R3D_D3D_Z2_C1_T07.tif,5129.890449438202,5013.8075,0.9906484082473382,2.258703946214517,0.43859152497945514,cdki,set3_timelapse_cdki_cell_4,Expt2020_017_setIII_STLC_GM132_RO3306_mKate2-Astrin_Nuf2-GFP_GFP_timelapse_06_R3D_D3D
1108,1108,47_10,21,13254.952380952383,Expt2020_017_setIII_STLC_GM132_RO3306_mKate2-Astrin_Nuf2-GFP_GFP_timelapse_06_R3D_D3D_Z2_C0_T07.tif,6859.837692195661,5292.5725,5212.190476190476,Expt2020_017_setIII_STLC_GM132_RO3306_mKate2-Astrin_Nuf2-GFP_GFP_timelapse_06_R3D_D3D_Z2_C1_T07.tif,5129.890449438202,5013.8075,1.0160432328065188,1.9322545190875804,0.5258330218765896,cdki,set3_timelapse_cdki_cell_4,Expt2020_017_setIII_STLC_GM132_RO3306_mKate2-Astrin_Nuf2-GFP_GFP_timelapse_06_R3D_D3D
1109,1109,47_11,39,15749.307692307693,Expt2020_017_setIII_STLC_GM132_RO3306_mKate2-Astrin_Nuf2-GFP_GFP_timelapse_06_R3D_D3D_Z2_C0_T07.tif,6859.837692195661,5292.5725,6698.6923076923085,Expt2020_017_setIII_STLC_GM132_RO3306_mKate2-Astrin_Nuf2-GFP_GFP_timelapse_06_R3D_D3D_Z2_C1_T07.tif,5129.890449438202,5013.8075,1.3058158597569882,2.2958717682526886,0.5687668962238257,cdki,set3_timelapse_cdki_cell_4,Expt2020_017_setIII_STLC_GM132_RO3306_mKate2-Astrin_Nuf2-GFP_GFP_timelapse_06_R3D_D3D
1110,1110,47_12,59,15710.35593220339,Expt2020_017_setIII_STLC_GM132_RO3306_mKate2-Astrin_Nuf2-GFP_GFP_timelapse_06_R3D_D3D_Z2_C0_T07.tif,6859.837692195661,5292.5725,6962.338983050849,Expt2020_017_setIII_STLC_GM132_RO3306_mKate2-Astrin_Nuf2-GFP_GFP_timelapse_06_R3D_D3D_Z2_C1_T07.tif,5129.890449438202,5013.8075,1.357210071379463,2.290193534764946,0.5926180695112129,cdki,set3_timelapse_cdki_cell_4,Expt2020_017_setIII_STLC_GM132_RO3306_mKate2-Astrin_Nuf2-GFP_GFP_timelapse_06_R3D_D3D
1112,1112,47_14,10,13244.2,Expt2020_017_setIII_STLC_GM132_RO3306_mKate2-Astrin_Nuf2-GFP_GFP_timelapse_06_R3D_D3D_Z2_C0_T07.tif,6859.837692195661,5292.5725,5739.7,Expt2020_017_setIII_STLC_GM132_RO3306_mKate2-Astrin_Nuf2-GFP_GFP_timelapse_06_R3D_D3D_Z2_C1_T07.tif,5129.890449438202,5013.8075,1.1188737959557364,1.930687079530721,0.579521046065991,cdki,set3_timelapse_cdki_cell_4,Expt2020_017_setIII_STLC_GM132_RO3306_mKate2-Astrin_Nuf2-GFP_GFP_timelapse_06_R3D_D3D
1113,1113,47_15,73,16112.575342465754,Expt2020_017_setIII_STLC_GM132_RO3306_mKate2-Astrin_Nuf2-GFP_GFP_timelapse_06_R3D_D3D_Z2_C0_T07.tif,6859.837692195661,5292.5725,5445.150684931506,Expt2020_017_setIII_STLC_GM132_RO3306_mKate2-Astrin_Nuf2-GFP_GFP_timelapse_06_R3D_D3D_Z2_C1_T07.tif,5129.890449438202,5013.8075,1.0614555493144748,2.3488274891396923,0.4519086881528517,cdki,set3_timelapse_cdki_cell_4,Expt2020_017_setIII_STLC_GM132_RO3306_mKate2-Astrin_Nuf2-GFP_GFP_timelapse_06_R3D_D3D
1114,1114,47_16,12,13017.666666666664,Expt2020_017_setIII_STLC_GM132_RO3306_mKate2-Astrin_Nuf2-GFP_GFP_timelapse_06_R3D_D3D_Z2_C0_T07.tif,6859.837692195661,5292.5725,6185.416666666668,Expt2020_017_setIII_STLC_GM132_RO3306_mKate2-Astrin_Nuf2-GFP_GFP_timelapse_06_R3D_D3D_Z2_C1_T07.tif,5129.890449438202,5013.8075,1.20575999188132,1.897663946404545,0.6353917373862966,cdki,set3_timelapse_cdki_cell_4,Expt2020_017_setIII_STLC_GM132_RO3306_mKate2-Astrin_Nuf2-GFP_GFP_timelapse_06_R3D_D3D
1115,1115,47_17,47,14951.446808510636,Expt2020_017_setIII_STLC_GM132_RO3306_mKate2-Astrin_Nuf2-GFP_GFP_timelapse_06_R3D_D3D_Z2_C0_T07.tif,6859.837692195661,5292.5725,6052.936170212766,Expt2020_017_setIII_STLC_GM132_RO3306_mKate2-Astrin_Nuf2-GFP_GFP_timelapse_06_R3D_D3D_Z2_C1_T07.tif,5129.890449438202,5013.8075,1.17993478220878,2.1795627650958393,0.5413630665308673,cdki,set3_timelapse_cdki_cell_4,Expt2020_017_setIII_STLC_GM132_RO3306_mKate2-Astrin_Nuf2-GFP_GFP_timelapse_06_R3D_D3D
1116,1116,47_18,58,14342.086206896553,Expt2020_017_setIII_STLC_GM132_RO3306_mKate2-Astrin_Nuf2-GFP_GFP_timelapse_06_R3D_D3D_Z2_C0_T07.tif,6859.837692195661,5292.5725,6238.7758620689665,Expt2020_017_setIII_STLC_GM132_RO3306_mKate2-Astrin_Nuf2-GFP_GFP_timelapse_06_R3D_D3D_Z2_C1_T07.tif,5129.890449438202,5013.8075,1.2161616166193574,2.0907325873341494,0.5816916156504072,cdki,set3_timelapse_cdki_cell_4,Expt2020_017_setIII_STLC_GM132_RO3306_mKate2-Astrin_Nuf2-GFP_GFP_timelapse_06_R3D_D3D
1117,1117,47_19,30,14245.033333333333,Expt2020_017_setIII_STLC_GM132_RO3306_mKate2-Astrin_Nuf2-GFP_GFP_timelapse_06_R3D_D3D_Z2_C0_T07.tif,6859.837692195661,5292.5725,6051.1,Expt2020_017_setIII_STLC_GM132_RO3306_mKate2-Astrin_Nuf2-GFP_GFP_timelapse_06_R3D_D3D_Z2_C1_T07.tif,5129.890449438202,5013.8075,1.1795768466483887,2.076584603384961,0.5680369799167372,cdki,set3_timelapse_cdki_cell_4,Expt2020_017_setIII_STLC_GM132_RO3306_mKate2-Astrin_Nuf2-GFP_GFP_timelapse_06_R3D_D3D
1118,1118,47_20,30,14029.933333333332,Expt2020_017_setIII_STLC_GM132_RO3306_mKate2-Astrin_Nuf2-GFP_GFP_timelapse_06_R3D_D3D_Z2_C0_T07.tif,6859.837692195661,5292.5725,6653.2,Expt2020_017_setIII_STLC_GM132_RO3306_mKate2-Astrin_Nuf2-GFP_GFP_timelapse_06_R3D_D3D_Z2_C1_T07.tif,5129.890449438202,5013.8075,1.2969477741437192,2.0452281763597684,0.634133535384845,cdki,set3_timelapse_cdki_cell_4,Expt2020_017_setIII_STLC_GM132_RO3306_mKate2-Astrin_Nuf2-GFP_GFP_timelapse_06_R3D_D3D
1119,1119,47_21,34,15272.882352941177,Expt2020_017_setIII_STLC_GM132_RO3306_mKate2-Astrin_Nuf2-GFP_GFP_timelapse_06_R3D_D3D_Z2_C0_T07.tif,6859.837692195661,5292.5725,6671.117647058823,Expt2020_017_setIII_STLC_GM132_RO3306_mKate2-Astrin_Nuf2-GFP_GFP_timelapse_06_R3D_D3D_Z2_C1_T07.tif,5129.890449438202,5013.8075,1.300440567456837,2.2264203671053204,0.5840948037802961,cdki,set3_timelapse_cdki_cell_4,Expt2020_017_setIII_STLC_GM132_RO3306_mKate2-Astrin_Nuf2-GFP_GFP_timelapse_06_R3D_D3D
1120,1120,47_22,32,18912.40625,Expt2020_017_setIII_STLC_GM132_RO3306_mKate2-Astrin_Nuf2-GFP_GFP_timelapse_06_R3D_D3D_Z2_C0_T07.tif,6859.837692195661,5292.5725,7608.5,Expt2020_017_setIII_STLC_GM132_RO3306_mKate2-Astrin_Nuf2-GFP_GFP_timelapse_06_R3D_D3D_Z2_C1_T07.tif,5129.890449438202,5013.8075,1.4831700744863356,2.7569757621986266,0.537969936051792,cdki,set3_timelapse_cdki_cell_4,Expt2020_017_setIII_STLC_GM132_RO3306_mKate2-Astrin_Nuf2-GFP_GFP_timelapse_06_R3D_D3D
1121,1121,47_23,21,13506.714285714286,Expt2020_017_setIII_STLC_GM132_RO3306_mKate2-Astrin_Nuf2-GFP_GFP_timelapse_06_R3D_D3D_Z2_C0_T07.tif,6859.837692195661,5292.5725,6449.7619047619055,Expt2020_017_setIII_STLC_GM132_RO3306_mKate2-Astrin_Nuf2-GFP_GFP_timelapse_06_R3D_D3D_Z2_C1_T07.tif,5129.890449438202,5013.8075,1.2572903784852265,1.9689553735477856,0.6385570721289446,cdki,set3_timelapse_cdki_cell_4,Expt2020_017_setIII_STLC_GM132_RO3306_mKate2-Astrin_Nuf2-GFP_GFP_timelapse_06_R3D_D3D
1122,1122,47_24,36,14304.527777777776,Expt2020_017_setIII_STLC_GM132_RO3306_mKate2-Astrin_Nuf2-GFP_GFP_timelapse_06_R3D_D3D_Z2_C0_T07.tif,6859.837692195661,5292.5725,5389.527777777777,Expt2020_017_setIII_STLC_GM132_RO3306_mKate2-Astrin_Nuf2-GFP_GFP_timelapse_06_R3D_D3D_Z2_C1_T07.tif,5129.890449438202,5013.8075,1.0506126458057226,2.0852574681252056,0.5038287414696555,cdki,set3_timelapse_cdki_cell_4,Expt2020_017_setIII_STLC_GM132_RO3306_mKate2-Astrin_Nuf2-GFP_GFP_timelapse_06_R3D_D3D
1123,1123,47_25,120,14880.833333333336,Expt2020_017_setIII_STLC_GM132_RO3306_mKate2-Astrin_Nuf2-GFP_GFP_timelapse_06_R3D_D3D_Z2_C0_T07.tif,6859.837692195661,5292.5725,6430.141666666666,Expt2020_017_setIII_STLC_GM132_RO3306_mKate2-Astrin_Nuf2-GFP_GFP_timelapse_06_R3D_D3D_Z2_C1_T07.tif,5129.890449438202,5013.8075,1.2534656889935847,2.1692690120442712,0.5778286058732505,cdki,set3_timelapse_cdki_cell_4,Expt2020_017_setIII_STLC_GM132_RO3306_mKate2-Astrin_Nuf2-GFP_GFP_timelapse_06_R3D_D3D
1126,1126,47_28,26,14791.846153846154,Expt2020_017_setIII_STLC_GM132_RO3306_mKate2-Astrin_Nuf2-GFP_GFP_timelapse_06_R3D_D3D_Z2_C0_T07.tif,6859.837692195661,5292.5725,5582.8076923076915,Expt2020_017_setIII_STLC_GM132_RO3306_mKate2-Astrin_Nuf2-GFP_GFP_timelapse_06_R3D_D3D_Z2_C1_T07.tif,5129.890449438202,5013.8075,1.088289846992559,2.156296813068132,0.5047031746265316,cdki,set3_timelapse_cdki_cell_4,Expt2020_017_setIII_STLC_GM132_RO3306_mKate2-Astrin_Nuf2-GFP_GFP_timelapse_06_R3D_D3D
1127,1127,48_1,26,15756.5,Expt2020_017_setIII_STLC_GM132_RO3306_mKate2-Astrin_Nuf2-GFP_GFP_timelapse_06_R3D_D3D_Z2_C0_T08.tif,6760.891830436901,5259.09,5167.807692307692,Expt2020_017_setIII_STLC_GM132_RO3306_mKate2-Astrin_Nuf2-GFP_GFP_timelapse_06_R3D_D3D_Z2_C1_T08.tif,4939.077968767554,4938.615,1.0463102070845043,2.330535733328215,0.44895694673184827,cdki,set3_timelapse_cdki_cell_4,Expt2020_017_setIII_STLC_GM132_RO3306_mKate2-Astrin_Nuf2-GFP_GFP_timelapse_06_R3D_D3D
1128,1128,48_2,12,13001.833333333336,Expt2020_017_setIII_STLC_GM132_RO3306_mKate2-Astrin_Nuf2-GFP_GFP_timelapse_06_R3D_D3D_Z2_C0_T08.tif,6760.891830436901,5259.09,4406.833333333333,Expt2020_017_setIII_STLC_GM132_RO3306_mKate2-Astrin_Nuf2-GFP_GFP_timelapse_06_R3D_D3D_Z2_C1_T08.tif,4939.077968767554,4938.615,0.8922380576294017,1.9230944170412994,0.4639595693913558,cdki,set3_timelapse_cdki_cell_4,Expt2020_017_setIII_STLC_GM132_RO3306_mKate2-Astrin_Nuf2-GFP_GFP_timelapse_06_R3D_D3D
1129,1129,48_3,16,14189.125,Expt2020_017_setIII_STLC_GM132_RO3306_mKate2-Astrin_Nuf2-GFP_GFP_timelapse_06_R3D_D3D_Z2_C0_T08.tif,6760.891830436901,5259.09,4589.75,Expt2020_017_setIII_STLC_GM132_RO3306_mKate2-Astrin_Nuf2-GFP_GFP_timelapse_06_R3D_D3D_Z2_C1_T08.tif,4939.077968767554,4938.615,0.9292726353022684,2.0987061109485423,0.44278359435579545,cdki,set3_timelapse_cdki_cell_4,Expt2020_017_setIII_STLC_GM132_RO3306_mKate2-Astrin_Nuf2-GFP_GFP_timelapse_06_R3D_D3D
1130,1130,48_4,24,13784.291666666664,Expt2020_017_setIII_STLC_GM132_RO3306_mKate2-Astrin_Nuf2-GFP_GFP_timelapse_06_R3D_D3D_Z2_C0_T08.tif,6760.891830436901,5259.09,4903.0,Expt2020_017_setIII_STLC_GM132_RO3306_mKate2-Astrin_Nuf2-GFP_GFP_timelapse_06_R3D_D3D_Z2_C1_T08.tif,4939.077968767554,4938.615,0.9926954040823622,2.0388274228277217,0.48689525801333294,cdki,set3_timelapse_cdki_cell_4,Expt2020_017_setIII_STLC_GM132_RO3306_mKate2-Astrin_Nuf2-GFP_GFP_timelapse_06_R3D_D3D
1131,1131,48_5,32,13117.59375,Expt2020_017_setIII_STLC_GM132_RO3306_mKate2-Astrin_Nuf2-GFP_GFP_timelapse_06_R3D_D3D_Z2_C0_T08.tif,6760.891830436901,5259.09,4413.0625,Expt2020_017_setIII_STLC_GM132_RO3306_mKate2-Astrin_Nuf2-GFP_GFP_timelapse_06_R3D_D3D_Z2_C1_T08.tif,4939.077968767554,4938.615,0.8934992579396737,1.9402164801610675,0.4605152399620374,cdki,set3_timelapse_cdki_cell_4,Expt2020_017_setIII_STLC_GM132_RO3306_mKate2-Astrin_Nuf2-GFP_GFP_timelapse_06_R3D_D3D
1132,1132,48_6,51,14943.450980392156,Expt2020_017_setIII_STLC_GM132_RO3306_mKate2-Astrin_Nuf2-GFP_GFP_timelapse_06_R3D_D3D_Z2_C0_T08.tif,6760.891830436901,5259.09,5839.372549019608,Expt2020_017_setIII_STLC_GM132_RO3306_mKate2-Astrin_Nuf2-GFP_GFP_timelapse_06_R3D_D3D_Z2_C1_T08.tif,4939.077968767554,4938.615,1.1822798882595296,2.210278075019355,0.5349009708876458,cdki,set3_timelapse_cdki_cell_4,Expt2020_017_setIII_STLC_GM132_RO3306_mKate2-Astrin_Nuf2-GFP_GFP_timelapse_06_R3D_D3D
1133,1133,48_7,22,14468.136363636364,Expt2020_017_setIII_STLC_GM132_RO3306_mKate2-Astrin_Nuf2-GFP_GFP_timelapse_06_R3D_D3D_Z2_C0_T08.tif,6760.891830436901,5259.09,4086.636363636364,Expt2020_017_setIII_STLC_GM132_RO3306_mKate2-Astrin_Nuf2-GFP_GFP_timelapse_06_R3D_D3D_Z2_C1_T08.tif,4939.077968767554,4938.615,0.8274087571563687,2.1399745368654135,0.3866442066961874,cdki,set3_timelapse_cdki_cell_4,Expt2020_017_setIII_STLC_GM132_RO3306_mKate2-Astrin_Nuf2-GFP_GFP_timelapse_06_R3D_D3D
1134,1134,48_8,28,15088.25,Expt2020_017_setIII_STLC_GM132_RO3306_mKate2-Astrin_Nuf2-GFP_GFP_timelapse_06_R3D_D3D_Z2_C0_T08.tif,6760.891830436901,5259.09,4855.142857142857,Expt2020_017_setIII_STLC_GM132_RO3306_mKate2-Astrin_Nuf2-GFP_GFP_timelapse_06_R3D_D3D_Z2_C1_T08.tif,4939.077968767554,4938.615,0.9830059148376551,2.231695222821657,0.4404749827777943,cdki,set3_timelapse_cdki_cell_4,Expt2020_017_setIII_STLC_GM132_RO3306_mKate2-Astrin_Nuf2-GFP_GFP_timelapse_06_R3D_D3D
1135,1135,48_9,21,13397.095238095239,Expt2020_017_setIII_STLC_GM132_RO3306_mKate2-Astrin_Nuf2-GFP_GFP_timelapse_06_R3D_D3D_Z2_C0_T08.tif,6760.891830436901,5259.09,4315.666666666667,Expt2020_017_setIII_STLC_GM132_RO3306_mKate2-Astrin_Nuf2-GFP_GFP_timelapse_06_R3D_D3D_Z2_C1_T08.tif,4939.077968767554,4938.615,0.8737798216503055,1.98155740013215,0.4409560992742543,cdki,set3_timelapse_cdki_cell_4,Expt2020_017_setIII_STLC_GM132_RO3306_mKate2-Astrin_Nuf2-GFP_GFP_timelapse_06_R3D_D3D
1136,1136,48_10,8,14637.0,Expt2020_017_setIII_STLC_GM132_RO3306_mKate2-Astrin_Nuf2-GFP_GFP_timelapse_06_R3D_D3D_Z2_C0_T08.tif,6760.891830436901,5259.09,5143.125,Expt2020_017_setIII_STLC_GM132_RO3306_mKate2-Astrin_Nuf2-GFP_GFP_timelapse_06_R3D_D3D_Z2_C1_T08.tif,4939.077968767554,4938.615,1.041312777915786,2.164951069636346,0.4809867495484315,cdki,set3_timelapse_cdki_cell_4,Expt2020_017_setIII_STLC_GM132_RO3306_mKate2-Astrin_Nuf2-GFP_GFP_timelapse_06_R3D_D3D
1137,1137,48_11,34,14165.14705882353,Expt2020_017_setIII_STLC_GM132_RO3306_mKate2-Astrin_Nuf2-GFP_GFP_timelapse_06_R3D_D3D_Z2_C0_T08.tif,6760.891830436901,5259.09,4621.588235294118,Expt2020_017_setIII_STLC_GM132_RO3306_mKate2-Astrin_Nuf2-GFP_GFP_timelapse_06_R3D_D3D_Z2_C1_T08.tif,4939.077968767554,4938.615,0.9357188253594914,2.095159546119843,0.44660981885241513,cdki,set3_timelapse_cdki_cell_4,Expt2020_017_setIII_STLC_GM132_RO3306_mKate2-Astrin_Nuf2-GFP_GFP_timelapse_06_R3D_D3D
1138,1138,48_12,29,14448.586206896553,Expt2020_017_setIII_STLC_GM132_RO3306_mKate2-Astrin_Nuf2-GFP_GFP_timelapse_06_R3D_D3D_Z2_C0_T08.tif,6760.891830436901,5259.09,4768.206896551725,Expt2020_017_setIII_STLC_GM132_RO3306_mKate2-Astrin_Nuf2-GFP_GFP_timelapse_06_R3D_D3D_Z2_C1_T08.tif,4939.077968767554,4938.615,0.9654042569693495,2.137082883333582,0.451739267811382,cdki,set3_timelapse_cdki_cell_4,Expt2020_017_setIII_STLC_GM132_RO3306_mKate2-Astrin_Nuf2-GFP_GFP_timelapse_06_R3D_D3D
1139,1139,48_13,26,15494.846153846154,Expt2020_017_setIII_STLC_GM132_RO3306_mKate2-Astrin_Nuf2-GFP_GFP_timelapse_06_R3D_D3D_Z2_C0_T08.tif,6760.891830436901,5259.09,5219.807692307692,Expt2020_017_setIII_STLC_GM132_RO3306_mKate2-Astrin_Nuf2-GFP_GFP_timelapse_06_R3D_D3D_Z2_C1_T08.tif,4939.077968767554,4938.615,1.0568384879354695,2.291834648809172,0.46113208406400463,cdki,set3_timelapse_cdki_cell_4,Expt2020_017_setIII_STLC_GM132_RO3306_mKate2-Astrin_Nuf2-GFP_GFP_timelapse_06_R3D_D3D
1140,1140,48_14,63,16541.650793650795,Expt2020_017_setIII_STLC_GM132_RO3306_mKate2-Astrin_Nuf2-GFP_GFP_timelapse_06_R3D_D3D_Z2_C0_T08.tif,6760.891830436901,5259.09,4749.587301587301,Expt2020_017_setIII_STLC_GM132_RO3306_mKate2-Astrin_Nuf2-GFP_GFP_timelapse_06_R3D_D3D_Z2_C1_T08.tif,4939.077968767554,4938.615,0.9616344045632598,2.446666979522115,0.393038534713493,cdki,set3_timelapse_cdki_cell_4,Expt2020_017_setIII_STLC_GM132_RO3306_mKate2-Astrin_Nuf2-GFP_GFP_timelapse_06_R3D_D3D
1141,1141,48_15,22,14110.090909090908,Expt2020_017_setIII_STLC_GM132_RO3306_mKate2-Astrin_Nuf2-GFP_GFP_timelapse_06_R3D_D3D_Z2_C0_T08.tif,6760.891830436901,5259.09,5438.454545454545,Expt2020_017_setIII_STLC_GM132_RO3306_mKate2-Astrin_Nuf2-GFP_GFP_timelapse_06_R3D_D3D_Z2_C1_T08.tif,4939.077968767554,4938.615,1.1011072471106587,2.087016219601178,0.5275987971579237,cdki,set3_timelapse_cdki_cell_4,Expt2020_017_setIII_STLC_GM132_RO3306_mKate2-Astrin_Nuf2-GFP_GFP_timelapse_06_R3D_D3D
1142,1142,48_16,26,15215.0,Expt2020_017_setIII_STLC_GM132_RO3306_mKate2-Astrin_Nuf2-GFP_GFP_timelapse_06_R3D_D3D_Z2_C0_T08.tif,6760.891830436901,5259.09,6974.8076923076915,Expt2020_017_setIII_STLC_GM132_RO3306_mKate2-Astrin_Nuf2-GFP_GFP_timelapse_06_R3D_D3D_Z2_C1_T08.tif,4939.077968767554,4938.615,1.412167966655548,2.2504427495058414,0.6275067281607745,cdki,set3_timelapse_cdki_cell_4,Expt2020_017_setIII_STLC_GM132_RO3306_mKate2-Astrin_Nuf2-GFP_GFP_timelapse_06_R3D_D3D
1143,1143,48_17,56,16231.75,Expt2020_017_setIII_STLC_GM132_RO3306_mKate2-Astrin_Nuf2-GFP_GFP_timelapse_06_R3D_D3D_Z2_C0_T08.tif,6760.891830436901,5259.09,7206.946428571428,Expt2020_017_setIII_STLC_GM132_RO3306_mKate2-Astrin_Nuf2-GFP_GFP_timelapse_06_R3D_D3D_Z2_C1_T08.tif,4939.077968767554,4938.615,1.459168386112717,2.40082971405136,0.6077767105149638,cdki,set3_timelapse_cdki_cell_4,Expt2020_017_setIII_STLC_GM132_RO3306_mKate2-Astrin_Nuf2-GFP_GFP_timelapse_06_R3D_D3D
1145,1145,48_19,88,16483.659090909092,Expt2020_017_setIII_STLC_GM132_RO3306_mKate2-Astrin_Nuf2-GFP_GFP_timelapse_06_R3D_D3D_Z2_C0_T08.tif,6760.891830436901,5259.09,5446.125,Expt2020_017_setIII_STLC_GM132_RO3306_mKate2-Astrin_Nuf2-GFP_GFP_timelapse_06_R3D_D3D_Z2_C1_T08.tif,4939.077968767554,4938.615,1.1026602605666032,2.438089456882183,0.4522640699068851,cdki,set3_timelapse_cdki_cell_4,Expt2020_017_setIII_STLC_GM132_RO3306_mKate2-Astrin_Nuf2-GFP_GFP_timelapse_06_R3D_D3D
1146,1146,48_20,38,16064.947368421052,Expt2020_017_setIII_STLC_GM132_RO3306_mKate2-Astrin_Nuf2-GFP_GFP_timelapse_06_R3D_D3D_Z2_C0_T08.tif,6760.891830436901,5259.09,6474.789473684212,Expt2020_017_setIII_STLC_GM132_RO3306_mKate2-Astrin_Nuf2-GFP_GFP_timelapse_06_R3D_D3D_Z2_C1_T08.tif,4939.077968767554,4938.615,1.3109308082657911,2.37615802342794,0.5517018629824082,cdki,set3_timelapse_cdki_cell_4,Expt2020_017_setIII_STLC_GM132_RO3306_mKate2-Astrin_Nuf2-GFP_GFP_timelapse_06_R3D_D3D
1147,1147,48_21,59,15338.22033898305,Expt2020_017_setIII_STLC_GM132_RO3306_mKate2-Astrin_Nuf2-GFP_GFP_timelapse_06_R3D_D3D_Z2_C0_T08.tif,6760.891830436901,5259.09,6356.847457627118,Expt2020_017_setIII_STLC_GM132_RO3306_mKate2-Astrin_Nuf2-GFP_GFP_timelapse_06_R3D_D3D_Z2_C1_T08.tif,4939.077968767554,4938.615,1.2870514492431346,2.2686682058618097,0.5673158577872415,cdki,set3_timelapse_cdki_cell_4,Expt2020_017_setIII_STLC_GM132_RO3306_mKate2-Astrin_Nuf2-GFP_GFP_timelapse_06_R3D_D3D
1148,1148,48_22,30,14897.666666666664,Expt2020_017_setIII_STLC_GM132_RO3306_mKate2-Astrin_Nuf2-GFP_GFP_timelapse_06_R3D_D3D_Z2_C0_T08.tif,6760.891830436901,5259.09,6027.2,Expt2020_017_setIII_STLC_GM132_RO3306_mKate2-Astrin_Nuf2-GFP_GFP_timelapse_06_R3D_D3D_Z2_C1_T08.tif,4939.077968767554,4938.615,1.2203087374026542,2.2035061409500396,0.5538031933401009,cdki,set3_timelapse_cdki_cell_4,Expt2020_017_setIII_STLC_GM132_RO3306_mKate2-Astrin_Nuf2-GFP_GFP_timelapse_06_R3D_D3D
1149,1149,48_23,36,16064.833333333336,Expt2020_017_setIII_STLC_GM132_RO3306_mKate2-Astrin_Nuf2-GFP_GFP_timelapse_06_R3D_D3D_Z2_C0_T08.tif,6760.891830436901,5259.09,6264.722222222223,Expt2020_017_setIII_STLC_GM132_RO3306_mKate2-Astrin_Nuf2-GFP_GFP_timelapse_06_R3D_D3D_Z2_C1_T08.tif,4939.077968767554,4938.615,1.268399134785365,2.3761411565573294,0.5338063066181995,cdki,set3_timelapse_cdki_cell_4,Expt2020_017_setIII_STLC_GM132_RO3306_mKate2-Astrin_Nuf2-GFP_GFP_timelapse_06_R3D_D3D
1150,1150,48_24,26,14295.615384615383,Expt2020_017_setIII_STLC_GM132_RO3306_mKate2-Astrin_Nuf2-GFP_GFP_timelapse_06_R3D_D3D_Z2_C0_T08.tif,6760.891830436901,5259.09,4907.153846153846,Expt2020_017_setIII_STLC_GM132_RO3306_mKate2-Astrin_Nuf2-GFP_GFP_timelapse_06_R3D_D3D_Z2_C1_T08.tif,4939.077968767554,4938.615,0.9935364206000429,2.1144570484411336,0.4698777973913065,cdki,set3_timelapse_cdki_cell_4,Expt2020_017_setIII_STLC_GM132_RO3306_mKate2-Astrin_Nuf2-GFP_GFP_timelapse_06_R3D_D3D
1151,1151,48_25,36,16341.638888888889,Expt2020_017_setIII_STLC_GM132_RO3306_mKate2-Astrin_Nuf2-GFP_GFP_timelapse_06_R3D_D3D_Z2_C0_T08.tif,6760.891830436901,5259.09,6570.527777777777,Expt2020_017_setIII_STLC_GM132_RO3306_mKate2-Astrin_Nuf2-GFP_GFP_timelapse_06_R3D_D3D_Z2_C1_T08.tif,4939.077968767554,4938.615,1.3303146496829485,2.4170833225463486,0.550380136784647,cdki,set3_timelapse_cdki_cell_4,Expt2020_017_setIII_STLC_GM132_RO3306_mKate2-Astrin_Nuf2-GFP_GFP_timelapse_06_R3D_D3D
1154,1154,48_28,12,14779.166666666664,Expt2020_017_setIII_STLC_GM132_RO3306_mKate2-Astrin_Nuf2-GFP_GFP_timelapse_06_R3D_D3D_Z2_C0_T08.tif,6760.891830436901,5259.09,4430.5,Expt2020_017_setIII_STLC_GM132_RO3306_mKate2-Astrin_Nuf2-GFP_GFP_timelapse_06_R3D_D3D_Z2_C1_T08.tif,4939.077968767554,4938.615,0.8970297751961872,2.1859788674819853,0.41035610569715614,cdki,set3_timelapse_cdki_cell_4,Expt2020_017_setIII_STLC_GM132_RO3306_mKate2-Astrin_Nuf2-GFP_GFP_timelapse_06_R3D_D3D
1155,1155,48_29,40,16093.1,Expt2020_017_setIII_STLC_GM132_RO3306_mKate2-Astrin_Nuf2-GFP_GFP_timelapse_06_R3D_D3D_Z2_C0_T08.tif,6760.891830436901,5259.09,6055.225,Expt2020_017_setIII_STLC_GM132_RO3306_mKate2-Astrin_Nuf2-GFP_GFP_timelapse_06_R3D_D3D_Z2_C1_T08.tif,4939.077968767554,4938.615,1.2259828733805063,2.380322064546333,0.5150491572719874,cdki,set3_timelapse_cdki_cell_4,Expt2020_017_setIII_STLC_GM132_RO3306_mKate2-Astrin_Nuf2-GFP_GFP_timelapse_06_R3D_D3D
1156,1156,48_30,24,16337.5,Expt2020_017_setIII_STLC_GM132_RO3306_mKate2-Astrin_Nuf2-GFP_GFP_timelapse_06_R3D_D3D_Z2_C0_T08.tif,6760.891830436901,5259.09,4662.875,Expt2020_017_setIII_STLC_GM132_RO3306_mKate2-Astrin_Nuf2-GFP_GFP_timelapse_06_R3D_D3D_Z2_C1_T08.tif,4939.077968767554,4938.615,0.9440780302489384,2.41647114163994,0.39068458711583837,cdki,set3_timelapse_cdki_cell_4,Expt2020_017_setIII_STLC_GM132_RO3306_mKate2-Astrin_Nuf2-GFP_GFP_timelapse_06_R3D_D3D
1157,1157,49_1,12,14972.416666666664,Expt2020_017_setIII_STLC_GM132_RO3306_mKate2-Astrin_Nuf2-GFP_GFP_timelapse_06_R3D_D3D_Z2_C0_T09.tif,6564.702564562411,5195.9325,4223.166666666667,Expt2020_017_setIII_STLC_GM132_RO3306_mKate2-Astrin_Nuf2-GFP_GFP_timelapse_06_R3D_D3D_Z2_C1_T09.tif,4836.444159866579,4825.1225,0.8731966145109323,2.2807456269977546,0.38285576619097117,cdki,set3_timelapse_cdki_cell_4,Expt2020_017_setIII_STLC_GM132_RO3306_mKate2-Astrin_Nuf2-GFP_GFP_timelapse_06_R3D_D3D
1158,1158,49_2,8,14994.0,Expt2020_017_setIII_STLC_GM132_RO3306_mKate2-Astrin_Nuf2-GFP_GFP_timelapse_06_R3D_D3D_Z2_C0_T09.tif,6564.702564562411,5195.9325,4458.125,Expt2020_017_setIII_STLC_GM132_RO3306_mKate2-Astrin_Nuf2-GFP_GFP_timelapse_06_R3D_D3D_Z2_C1_T09.tif,4836.444159866579,4825.1225,0.9217774159358814,2.2840334124108894,0.40357440085033963,cdki,set3_timelapse_cdki_cell_4,Expt2020_017_setIII_STLC_GM132_RO3306_mKate2-Astrin_Nuf2-GFP_GFP_timelapse_06_R3D_D3D
1159,1159,49_3,30,15883.833333333336,Expt2020_017_setIII_STLC_GM132_RO3306_mKate2-Astrin_Nuf2-GFP_GFP_timelapse_06_R3D_D3D_Z2_C0_T09.tif,6564.702564562411,5195.9325,6725.9,Expt2020_017_setIII_STLC_GM132_RO3306_mKate2-Astrin_Nuf2-GFP_GFP_timelapse_06_R3D_D3D_Z2_C1_T09.tif,4836.444159866579,4825.1225,1.3906704549206548,2.4195815693276757,0.5747565912014604,cdki,set3_timelapse_cdki_cell_4,Expt2020_017_setIII_STLC_GM132_RO3306_mKate2-Astrin_Nuf2-GFP_GFP_timelapse_06_R3D_D3D
1160,1160,49_4,21,16304.952380952383,Expt2020_017_setIII_STLC_GM132_RO3306_mKate2-Astrin_Nuf2-GFP_GFP_timelapse_06_R3D_D3D_Z2_C0_T09.tif,6564.702564562411,5195.9325,4652.380952380952,Expt2020_017_setIII_STLC_GM132_RO3306_mKate2-Astrin_Nuf2-GFP_GFP_timelapse_06_R3D_D3D_Z2_C1_T09.tif,4836.444159866579,4825.1225,0.9619424516439151,2.4837305606151614,0.38729742545248735,cdki,set3_timelapse_cdki_cell_4,Expt2020_017_setIII_STLC_GM132_RO3306_mKate2-Astrin_Nuf2-GFP_GFP_timelapse_06_R3D_D3D
1161,1161,49_5,26,17491.884615384617,Expt2020_017_setIII_STLC_GM132_RO3306_mKate2-Astrin_Nuf2-GFP_GFP_timelapse_06_R3D_D3D_Z2_C0_T09.tif,6564.702564562411,5195.9325,6374.538461538462,Expt2020_017_setIII_STLC_GM132_RO3306_mKate2-Astrin_Nuf2-GFP_GFP_timelapse_06_R3D_D3D_Z2_C1_T09.tif,4836.444159866579,4825.1225,1.3180217223296369,2.6645357414682183,0.4946534219140846,cdki,set3_timelapse_cdki_cell_4,Expt2020_017_setIII_STLC_GM132_RO3306_mKate2-Astrin_Nuf2-GFP_GFP_timelapse_06_R3D_D3D
1162,1162,49_6,12,14716.666666666664,Expt2020_017_setIII_STLC_GM132_RO3306_mKate2-Astrin_Nuf2-GFP_GFP_timelapse_06_R3D_D3D_Z2_C0_T09.tif,6564.702564562411,5195.9325,3807.833333333334,Expt2020_017_setIII_STLC_GM132_RO3306_mKate2-Astrin_Nuf2-GFP_GFP_timelapse_06_R3D_D3D_Z2_C1_T09.tif,4836.444159866579,4825.1225,0.7873208513252801,2.24178727397494,0.35120230204950353,cdki,set3_timelapse_cdki_cell_4,Expt2020_017_setIII_STLC_GM132_RO3306_mKate2-Astrin_Nuf2-GFP_GFP_timelapse_06_R3D_D3D
1163,1163,49_7,33,15540.0,Expt2020_017_setIII_STLC_GM132_RO3306_mKate2-Astrin_Nuf2-GFP_GFP_timelapse_06_R3D_D3D_Z2_C0_T09.tif,6564.702564562411,5195.9325,4150.151515151515,Expt2020_017_setIII_STLC_GM132_RO3306_mKate2-Astrin_Nuf2-GFP_GFP_timelapse_06_R3D_D3D_Z2_C1_T09.tif,4836.444159866579,4825.1225,0.8580997480731802,2.367205497456664,0.3624948273376039,cdki,set3_timelapse_cdki_cell_4,Expt2020_017_setIII_STLC_GM132_RO3306_mKate2-Astrin_Nuf2-GFP_GFP_timelapse_06_R3D_D3D
1164,1164,49_8,12,14520.583333333336,Expt2020_017_setIII_STLC_GM132_RO3306_mKate2-Astrin_Nuf2-GFP_GFP_timelapse_06_R3D_D3D_Z2_C0_T09.tif,6564.702564562411,5195.9325,5723.416666666668,Expt2020_017_setIII_STLC_GM132_RO3306_mKate2-Astrin_Nuf2-GFP_GFP_timelapse_06_R3D_D3D_Z2_C1_T09.tif,4836.444159866579,4825.1225,1.183393517526843,2.211917933908899,0.5350078768227858,cdki,set3_timelapse_cdki_cell_4,Expt2020_017_setIII_STLC_GM132_RO3306_mKate2-Astrin_Nuf2-GFP_GFP_timelapse_06_R3D_D3D
1165,1165,49_9,12,15537.25,Expt2020_017_setIII_STLC_GM132_RO3306_mKate2-Astrin_Nuf2-GFP_GFP_timelapse_06_R3D_D3D_Z2_C0_T09.tif,6564.702564562411,5195.9325,3814.333333333334,Expt2020_017_setIII_STLC_GM132_RO3306_mKate2-Astrin_Nuf2-GFP_GFP_timelapse_06_R3D_D3D_Z2_C1_T09.tif,4836.444159866579,4825.1225,0.7886648139112513,2.3667865904349132,0.3332217687469358,cdki,set3_timelapse_cdki_cell_4,Expt2020_017_setIII_STLC_GM132_RO3306_mKate2-Astrin_Nuf2-GFP_GFP_timelapse_06_R3D_D3D
1166,1166,49_10,8,16139.125,Expt2020_017_setIII_STLC_GM132_RO3306_mKate2-Astrin_Nuf2-GFP_GFP_timelapse_06_R3D_D3D_Z2_C0_T09.tif,6564.702564562411,5195.9325,4705.625,Expt2020_017_setIII_STLC_GM132_RO3306_mKate2-Astrin_Nuf2-GFP_GFP_timelapse_06_R3D_D3D_Z2_C1_T09.tif,4836.444159866579,4825.1225,0.9729513759401726,2.4584701045135318,0.3957548127812987,cdki,set3_timelapse_cdki_cell_4,Expt2020_017_setIII_STLC_GM132_RO3306_mKate2-Astrin_Nuf2-GFP_GFP_timelapse_06_R3D_D3D
1167,1167,49_11,28,16266.392857142857,Expt2020_017_setIII_STLC_GM132_RO3306_mKate2-Astrin_Nuf2-GFP_GFP_timelapse_06_R3D_D3D_Z2_C0_T09.tif,6564.702564562411,5195.9325,4456.071428571428,Expt2020_017_setIII_STLC_GM132_RO3306_mKate2-Astrin_Nuf2-GFP_GFP_timelapse_06_R3D_D3D_Z2_C1_T09.tif,4836.444159866579,4825.1225,0.9213528123716322,2.477856795059098,0.3718345685710451,cdki,set3_timelapse_cdki_cell_4,Expt2020_017_setIII_STLC_GM132_RO3306_mKate2-Astrin_Nuf2-GFP_GFP_timelapse_06_R3D_D3D
1168,1168,49_12,36,16403.19444444444,Expt2020_017_setIII_STLC_GM132_RO3306_mKate2-Astrin_Nuf2-GFP_GFP_timelapse_06_R3D_D3D_Z2_C0_T09.tif,6564.702564562411,5195.9325,4737.416666666667,Expt2020_017_setIII_STLC_GM132_RO3306_mKate2-Astrin_Nuf2-GFP_GFP_timelapse_06_R3D_D3D_Z2_C1_T09.tif,4836.444159866579,4825.1225,0.9795247314087373,2.4986957570617436,0.3920144053714551,cdki,set3_timelapse_cdki_cell_4,Expt2020_017_setIII_STLC_GM132_RO3306_mKate2-Astrin_Nuf2-GFP_GFP_timelapse_06_R3D_D3D
1169,1169,49_13,30,17170.9,Expt2020_017_setIII_STLC_GM132_RO3306_mKate2-Astrin_Nuf2-GFP_GFP_timelapse_06_R3D_D3D_Z2_C0_T09.tif,6564.702564562411,5195.9325,4920.533333333334,Expt2020_017_setIII_STLC_GM132_RO3306_mKate2-Astrin_Nuf2-GFP_GFP_timelapse_06_R3D_D3D_Z2_C1_T09.tif,4836.444159866579,4825.1225,1.0173865696960873,2.615640210828741,0.3889627348150218,cdki,set3_timelapse_cdki_cell_4,Expt2020_017_setIII_STLC_GM132_RO3306_mKate2-Astrin_Nuf2-GFP_GFP_timelapse_06_R3D_D3D
1170,1170,49_14,32,18916.75,Expt2020_017_setIII_STLC_GM132_RO3306_mKate2-Astrin_Nuf2-GFP_GFP_timelapse_06_R3D_D3D_Z2_C0_T09.tif,6564.702564562411,5195.9325,7154.75,Expt2020_017_setIII_STLC_GM132_RO3306_mKate2-Astrin_Nuf2-GFP_GFP_timelapse_06_R3D_D3D_Z2_C1_T09.tif,4836.444159866579,4825.1225,1.479340971073545,2.881585237709997,0.5133774811565807,cdki,set3_timelapse_cdki_cell_4,Expt2020_017_setIII_STLC_GM132_RO3306_mKate2-Astrin_Nuf2-GFP_GFP_timelapse_06_R3D_D3D
1171,1171,49_15,52,19537.42307692308,Expt2020_017_setIII_STLC_GM132_RO3306_mKate2-Astrin_Nuf2-GFP_GFP_timelapse_06_R3D_D3D_Z2_C0_T09.tif,6564.702564562411,5195.9325,6658.576923076923,Expt2020_017_setIII_STLC_GM132_RO3306_mKate2-Astrin_Nuf2-GFP_GFP_timelapse_06_R3D_D3D_Z2_C1_T09.tif,4836.444159866579,4825.1225,1.3767505016041808,2.9761322595771564,0.4625972173023611,cdki,set3_timelapse_cdki_cell_4,Expt2020_017_setIII_STLC_GM132_RO3306_mKate2-Astrin_Nuf2-GFP_GFP_timelapse_06_R3D_D3D
1172,1172,49_16,12,15542.833333333336,Expt2020_017_setIII_STLC_GM132_RO3306_mKate2-Astrin_Nuf2-GFP_GFP_timelapse_06_R3D_D3D_Z2_C0_T09.tif,6564.702564562411,5195.9325,6166.25,Expt2020_017_setIII_STLC_GM132_RO3306_mKate2-Astrin_Nuf2-GFP_GFP_timelapse_06_R3D_D3D_Z2_C1_T09.tif,4836.444159866579,4825.1225,1.2749552762685274,2.3676370986305892,0.5384926925692899,cdki,set3_timelapse_cdki_cell_4,Expt2020_017_setIII_STLC_GM132_RO3306_mKate2-Astrin_Nuf2-GFP_GFP_timelapse_06_R3D_D3D
1173,1173,49_17,35,17554.02857142857,Expt2020_017_setIII_STLC_GM132_RO3306_mKate2-Astrin_Nuf2-GFP_GFP_timelapse_06_R3D_D3D_Z2_C0_T09.tif,6564.702564562411,5195.9325,5144.028571428571,Expt2020_017_setIII_STLC_GM132_RO3306_mKate2-Astrin_Nuf2-GFP_GFP_timelapse_06_R3D_D3D_Z2_C1_T09.tif,4836.444159866579,4825.1225,1.0635972217180478,2.6740021194850105,0.3977548162612853,cdki,set3_timelapse_cdki_cell_4,Expt2020_017_setIII_STLC_GM132_RO3306_mKate2-Astrin_Nuf2-GFP_GFP_timelapse_06_R3D_D3D
1174,1174,49_18,12,14320.333333333336,Expt2020_017_setIII_STLC_GM132_RO3306_mKate2-Astrin_Nuf2-GFP_GFP_timelapse_06_R3D_D3D_Z2_C0_T09.tif,6564.702564562411,5195.9325,4906.083333333333,Expt2020_017_setIII_STLC_GM132_RO3306_mKate2-Astrin_Nuf2-GFP_GFP_timelapse_06_R3D_D3D_Z2_C1_T09.tif,4836.444159866579,4825.1225,1.0143988374857356,2.1814138862341435,0.4650189695257374,cdki,set3_timelapse_cdki_cell_4,Expt2020_017_setIII_STLC_GM132_RO3306_mKate2-Astrin_Nuf2-GFP_GFP_timelapse_06_R3D_D3D
1175,1175,49_19,16,16444.0625,Expt2020_017_setIII_STLC_GM132_RO3306_mKate2-Astrin_Nuf2-GFP_GFP_timelapse_06_R3D_D3D_Z2_C0_T09.tif,6564.702564562411,5195.9325,7192.8125,Expt2020_017_setIII_STLC_GM132_RO3306_mKate2-Astrin_Nuf2-GFP_GFP_timelapse_06_R3D_D3D_Z2_C1_T09.tif,4836.444159866579,4825.1225,1.4872109058317806,2.5049211808572056,0.5937156494971407,cdki,set3_timelapse_cdki_cell_4,Expt2020_017_setIII_STLC_GM132_RO3306_mKate2-Astrin_Nuf2-GFP_GFP_timelapse_06_R3D_D3D
1176,1176,49_20,36,17974.80555555556,Expt2020_017_setIII_STLC_GM132_RO3306_mKate2-Astrin_Nuf2-GFP_GFP_timelapse_06_R3D_D3D_Z2_C0_T09.tif,6564.702564562411,5195.9325,6264.277777777777,Expt2020_017_setIII_STLC_GM132_RO3306_mKate2-Astrin_Nuf2-GFP_GFP_timelapse_06_R3D_D3D_Z2_C1_T09.tif,4836.444159866579,4825.1225,1.2952238402253335,2.7380990043002384,0.47303762142682165,cdki,set3_timelapse_cdki_cell_4,Expt2020_017_setIII_STLC_GM132_RO3306_mKate2-Astrin_Nuf2-GFP_GFP_timelapse_06_R3D_D3D
1177,1177,49_21,26,18044.92307692308,Expt2020_017_setIII_STLC_GM132_RO3306_mKate2-Astrin_Nuf2-GFP_GFP_timelapse_06_R3D_D3D_Z2_C0_T09.tif,6564.702564562411,5195.9325,6254.653846153847,Expt2020_017_setIII_STLC_GM132_RO3306_mKate2-Astrin_Nuf2-GFP_GFP_timelapse_06_R3D_D3D_Z2_C1_T09.tif,4836.444159866579,4825.1225,1.2932339626818707,2.7487799941360964,0.4704756166156238,cdki,set3_timelapse_cdki_cell_4,Expt2020_017_setIII_STLC_GM132_RO3306_mKate2-Astrin_Nuf2-GFP_GFP_timelapse_06_R3D_D3D
1178,1178,49_22,47,16866.872340425532,Expt2020_017_setIII_STLC_GM132_RO3306_mKate2-Astrin_Nuf2-GFP_GFP_timelapse_06_R3D_D3D_Z2_C0_T09.tif,6564.702564562411,5195.9325,5990.723404255318,Expt2020_017_setIII_STLC_GM132_RO3306_mKate2-Astrin_Nuf2-GFP_GFP_timelapse_06_R3D_D3D_Z2_C1_T09.tif,4836.444159866579,4825.1225,1.2386627874187184,2.569327730318859,0.48209606458612336,cdki,set3_timelapse_cdki_cell_4,Expt2020_017_setIII_STLC_GM132_RO3306_mKate2-Astrin_Nuf2-GFP_GFP_timelapse_06_R3D_D3D
1179,1179,49_23,30,17921.366666666665,Expt2020_017_setIII_STLC_GM132_RO3306_mKate2-Astrin_Nuf2-GFP_GFP_timelapse_06_R3D_D3D_Z2_C0_T09.tif,6564.702564562411,5195.9325,7101.266666666666,Expt2020_017_setIII_STLC_GM132_RO3306_mKate2-Astrin_Nuf2-GFP_GFP_timelapse_06_R3D_D3D_Z2_C1_T09.tif,4836.444159866579,4825.1225,1.4682825712315402,2.729958667649288,0.5378405866107301,cdki,set3_timelapse_cdki_cell_4,Expt2020_017_setIII_STLC_GM132_RO3306_mKate2-Astrin_Nuf2-GFP_GFP_timelapse_06_R3D_D3D
1180,1180,49_24,32,16434.34375,Expt2020_017_setIII_STLC_GM132_RO3306_mKate2-Astrin_Nuf2-GFP_GFP_timelapse_06_R3D_D3D_Z2_C0_T09.tif,6564.702564562411,5195.9325,4432.8125,Expt2020_017_setIII_STLC_GM132_RO3306_mKate2-Astrin_Nuf2-GFP_GFP_timelapse_06_R3D_D3D_Z2_C1_T09.tif,4836.444159866579,4825.1225,0.9165437154808971,2.5034407253598823,0.36611360764259326,cdki,set3_timelapse_cdki_cell_4,Expt2020_017_setIII_STLC_GM132_RO3306_mKate2-Astrin_Nuf2-GFP_GFP_timelapse_06_R3D_D3D
1181,1181,49_25,8,16318.75,Expt2020_017_setIII_STLC_GM132_RO3306_mKate2-Astrin_Nuf2-GFP_GFP_timelapse_06_R3D_D3D_Z2_C0_T09.tif,6564.702564562411,5195.9325,6751.0,Expt2020_017_setIII_STLC_GM132_RO3306_mKate2-Astrin_Nuf2-GFP_GFP_timelapse_06_R3D_D3D_Z2_C1_T09.tif,4836.444159866579,4825.1225,1.3958602181372517,2.4858323495251566,0.5615262905416324,cdki,set3_timelapse_cdki_cell_4,Expt2020_017_setIII_STLC_GM132_RO3306_mKate2-Astrin_Nuf2-GFP_GFP_timelapse_06_R3D_D3D
1182,1182,49_26,66,16836.333333333332,Expt2020_017_setIII_STLC_GM132_RO3306_mKate2-Astrin_Nuf2-GFP_GFP_timelapse_06_R3D_D3D_Z2_C0_T09.tif,6564.702564562411,5195.9325,5300.424242424242,Expt2020_017_setIII_STLC_GM132_RO3306_mKate2-Astrin_Nuf2-GFP_GFP_timelapse_06_R3D_D3D_Z2_C1_T09.tif,4836.444159866579,4825.1225,1.0959341340912871,2.5646757286795077,0.4273187919377076,cdki,set3_timelapse_cdki_cell_4,Expt2020_017_setIII_STLC_GM132_RO3306_mKate2-Astrin_Nuf2-GFP_GFP_timelapse_06_R3D_D3D
1185,1185,49_29,21,15264.666666666664,Expt2020_017_setIII_STLC_GM132_RO3306_mKate2-Astrin_Nuf2-GFP_GFP_timelapse_06_R3D_D3D_Z2_C0_T09.tif,6564.702564562411,5195.9325,4318.142857142857,Expt2020_017_setIII_STLC_GM132_RO3306_mKate2-Astrin_Nuf2-GFP_GFP_timelapse_06_R3D_D3D_Z2_C1_T09.tif,4836.444159866579,4825.1225,0.8928342216737141,2.325264018672897,0.3839711166146558,cdki,set3_timelapse_cdki_cell_4,Expt2020_017_setIII_STLC_GM132_RO3306_mKate2-Astrin_Nuf2-GFP_GFP_timelapse_06_R3D_D3D
1186,1186,50_1,38,18391.18421052632,Expt2020_017_setIII_STLC_GM132_RO3306_mKate2-Astrin_Nuf2-GFP_GFP_timelapse_06_R3D_D3D_Z2_C0_T10.tif,6668.962437623898,5261.695,5769.578947368421,Expt2020_017_setIII_STLC_GM132_RO3306_mKate2-Astrin_Nuf2-GFP_GFP_timelapse_06_R3D_D3D_Z2_C1_T10.tif,4774.244170668894,4681.685,1.2084800737286288,2.7577279648135136,0.4382158389616033,cdki,set3_timelapse_cdki_cell_4,Expt2020_017_setIII_STLC_GM132_RO3306_mKate2-Astrin_Nuf2-GFP_GFP_timelapse_06_R3D_D3D
1187,1187,50_2,16,15133.5,Expt2020_017_setIII_STLC_GM132_RO3306_mKate2-Astrin_Nuf2-GFP_GFP_timelapse_06_R3D_D3D_Z2_C0_T10.tif,6668.962437623898,5261.695,4658.125,Expt2020_017_setIII_STLC_GM132_RO3306_mKate2-Astrin_Nuf2-GFP_GFP_timelapse_06_R3D_D3D_Z2_C1_T10.tif,4774.244170668894,4681.685,0.975677999172668,2.269243550484287,0.4299573745464409,cdki,set3_timelapse_cdki_cell_4,Expt2020_017_setIII_STLC_GM132_RO3306_mKate2-Astrin_Nuf2-GFP_GFP_timelapse_06_R3D_D3D
1188,1188,50_3,8,17314.875,Expt2020_017_setIII_STLC_GM132_RO3306_mKate2-Astrin_Nuf2-GFP_GFP_timelapse_06_R3D_D3D_Z2_C0_T10.tif,6668.962437623898,5261.695,5064.875,Expt2020_017_setIII_STLC_GM132_RO3306_mKate2-Astrin_Nuf2-GFP_GFP_timelapse_06_R3D_D3D_Z2_C1_T10.tif,4774.244170668894,4681.685,1.0608747309399524,2.596337160682699,0.4086043781236019,cdki,set3_timelapse_cdki_cell_4,Expt2020_017_setIII_STLC_GM132_RO3306_mKate2-Astrin_Nuf2-GFP_GFP_timelapse_06_R3D_D3D
1189,1189,50_4,61,16133.901639344263,Expt2020_017_setIII_STLC_GM132_RO3306_mKate2-Astrin_Nuf2-GFP_GFP_timelapse_06_R3D_D3D_Z2_C0_T10.tif,6668.962437623898,5261.695,5383.573770491803,Expt2020_017_setIII_STLC_GM132_RO3306_mKate2-Astrin_Nuf2-GFP_GFP_timelapse_06_R3D_D3D_Z2_C1_T10.tif,4774.244170668894,4681.685,1.1276284953263165,2.419252138581943,0.4661062306582404,cdki,set3_timelapse_cdki_cell_4,Expt2020_017_setIII_STLC_GM132_RO3306_mKate2-Astrin_Nuf2-GFP_GFP_timelapse_06_R3D_D3D
1190,1190,50_5,26,15261.192307692307,Expt2020_017_setIII_STLC_GM132_RO3306_mKate2-Astrin_Nuf2-GFP_GFP_timelapse_06_R3D_D3D_Z2_C0_T10.tif,6668.962437623898,5261.695,3884.0769230769233,Expt2020_017_setIII_STLC_GM132_RO3306_mKate2-Astrin_Nuf2-GFP_GFP_timelapse_06_R3D_D3D_Z2_C1_T10.tif,4774.244170668894,4681.685,0.8135480265000241,2.2883908029822035,0.3555109666757173,cdki,set3_timelapse_cdki_cell_4,Expt2020_017_setIII_STLC_GM132_RO3306_mKate2-Astrin_Nuf2-GFP_GFP_timelapse_06_R3D_D3D
1191,1191,50_6,8,15916.875,Expt2020_017_setIII_STLC_GM132_RO3306_mKate2-Astrin_Nuf2-GFP_GFP_timelapse_06_R3D_D3D_Z2_C0_T10.tif,6668.962437623898,5261.695,5279.625,Expt2020_017_setIII_STLC_GM132_RO3306_mKate2-Astrin_Nuf2-GFP_GFP_timelapse_06_R3D_D3D_Z2_C1_T10.tif,4774.244170668894,4681.685,1.1058556729117395,2.386709349298879,0.4633390627294422,cdki,set3_timelapse_cdki_cell_4,Expt2020_017_setIII_STLC_GM132_RO3306_mKate2-Astrin_Nuf2-GFP_GFP_timelapse_06_R3D_D3D
1192,1192,50_7,30,15278.3,Expt2020_017_setIII_STLC_GM132_RO3306_mKate2-Astrin_Nuf2-GFP_GFP_timelapse_06_R3D_D3D_Z2_C0_T10.tif,6668.962437623898,5261.695,6092.133333333332,Expt2020_017_setIII_STLC_GM132_RO3306_mKate2-Astrin_Nuf2-GFP_GFP_timelapse_06_R3D_D3D_Z2_C1_T10.tif,4774.244170668894,4681.685,1.276041424684778,2.2909560734373464,0.5569907862834784,cdki,set3_timelapse_cdki_cell_4,Expt2020_017_setIII_STLC_GM132_RO3306_mKate2-Astrin_Nuf2-GFP_GFP_timelapse_06_R3D_D3D
1193,1193,50_8,26,16404.19230769231,Expt2020_017_setIII_STLC_GM132_RO3306_mKate2-Astrin_Nuf2-GFP_GFP_timelapse_06_R3D_D3D_Z2_C0_T10.tif,6668.962437623898,5261.695,3972.269230769231,Expt2020_017_setIII_STLC_GM132_RO3306_mKate2-Astrin_Nuf2-GFP_GFP_timelapse_06_R3D_D3D_Z2_C1_T10.tif,4774.244170668894,4681.685,0.8320205437278038,2.459781781817473,0.3382497381995585,cdki,set3_timelapse_cdki_cell_4,Expt2020_017_setIII_STLC_GM132_RO3306_mKate2-Astrin_Nuf2-GFP_GFP_timelapse_06_R3D_D3D
1194,1194,50_9,34,18989.88235294117,Expt2020_017_setIII_STLC_GM132_RO3306_mKate2-Astrin_Nuf2-GFP_GFP_timelapse_06_R3D_D3D_Z2_C0_T10.tif,6668.962437623898,5261.695,5264.088235294118,Expt2020_017_setIII_STLC_GM132_RO3306_mKate2-Astrin_Nuf2-GFP_GFP_timelapse_06_R3D_D3D_Z2_C1_T10.tif,4774.244170668894,4681.685,1.1026013850809382,2.847501771161141,0.38721710246077373,cdki,set3_timelapse_cdki_cell_4,Expt2020_017_setIII_STLC_GM132_RO3306_mKate2-Astrin_Nuf2-GFP_GFP_timelapse_06_R3D_D3D
1195,1195,50_10,26,19223.80769230769,Expt2020_017_setIII_STLC_GM132_RO3306_mKate2-Astrin_Nuf2-GFP_GFP_timelapse_06_R3D_D3D_Z2_C0_T10.tif,6668.962437623898,5261.695,5311.807692307692,Expt2020_017_setIII_STLC_GM132_RO3306_mKate2-Astrin_Nuf2-GFP_GFP_timelapse_06_R3D_D3D_Z2_C1_T10.tif,4774.244170668894,4681.685,1.1125965707705903,2.8825784928482805,0.385972688525554,cdki,set3_timelapse_cdki_cell_4,Expt2020_017_setIII_STLC_GM132_RO3306_mKate2-Astrin_Nuf2-GFP_GFP_timelapse_06_R3D_D3D
1196,1196,50_11,30,18023.2,Expt2020_017_setIII_STLC_GM132_RO3306_mKate2-Astrin_Nuf2-GFP_GFP_timelapse_06_R3D_D3D_Z2_C0_T10.tif,6668.962437623898,5261.695,5692.866666666668,Expt2020_017_setIII_STLC_GM132_RO3306_mKate2-Astrin_Nuf2-GFP_GFP_timelapse_06_R3D_D3D_Z2_C1_T10.tif,4774.244170668894,4681.685,1.1924121312524052,2.702549334858982,0.4412175259381989,cdki,set3_timelapse_cdki_cell_4,Expt2020_017_setIII_STLC_GM132_RO3306_mKate2-Astrin_Nuf2-GFP_GFP_timelapse_06_R3D_D3D
1197,1197,50_12,50,18659.44,Expt2020_017_setIII_STLC_GM132_RO3306_mKate2-Astrin_Nuf2-GFP_GFP_timelapse_06_R3D_D3D_Z2_C0_T10.tif,6668.962437623898,5261.695,6667.64,Expt2020_017_setIII_STLC_GM132_RO3306_mKate2-Astrin_Nuf2-GFP_GFP_timelapse_06_R3D_D3D_Z2_C1_T10.tif,4774.244170668894,4681.685,1.3965854618336022,2.79795248129306,0.49914552558382874,cdki,set3_timelapse_cdki_cell_4,Expt2020_017_setIII_STLC_GM132_RO3306_mKate2-Astrin_Nuf2-GFP_GFP_timelapse_06_R3D_D3D
1199,1199,50_14,16,17305.9375,Expt2020_017_setIII_STLC_GM132_RO3306_mKate2-Astrin_Nuf2-GFP_GFP_timelapse_06_R3D_D3D_Z2_C0_T10.tif,6668.962437623898,5261.695,6968.5625,Expt2020_017_setIII_STLC_GM132_RO3306_mKate2-Astrin_Nuf2-GFP_GFP_timelapse_06_R3D_D3D_Z2_C1_T10.tif,4774.244170668894,4681.685,1.4596158576916,2.5949969971889626,0.56247304304118,cdki,set3_timelapse_cdki_cell_4,Expt2020_017_setIII_STLC_GM132_RO3306_mKate2-Astrin_Nuf2-GFP_GFP_timelapse_06_R3D_D3D
1200,1200,50_15,30,17126.4,Expt2020_017_setIII_STLC_GM132_RO3306_mKate2-Astrin_Nuf2-GFP_GFP_timelapse_06_R3D_D3D_Z2_C0_T10.tif,6668.962437623898,5261.695,5277.1,Expt2020_017_setIII_STLC_GM132_RO3306_mKate2-Astrin_Nuf2-GFP_GFP_timelapse_06_R3D_D3D_Z2_C1_T10.tif,4774.244170668894,4681.685,1.1053267933844813,2.5680756429784317,0.4304105279790485,cdki,set3_timelapse_cdki_cell_4,Expt2020_017_setIII_STLC_GM132_RO3306_mKate2-Astrin_Nuf2-GFP_GFP_timelapse_06_R3D_D3D
1201,1201,50_16,31,19698.90322580645,Expt2020_017_setIII_STLC_GM132_RO3306_mKate2-Astrin_Nuf2-GFP_GFP_timelapse_06_R3D_D3D_Z2_C0_T10.tif,6668.962437623898,5261.695,5619.258064516129,Expt2020_017_setIII_STLC_GM132_RO3306_mKate2-Astrin_Nuf2-GFP_GFP_timelapse_06_R3D_D3D_Z2_C1_T10.tif,4774.244170668894,4681.685,1.1769942767147672,2.953818290334384,0.3984653628038598,cdki,set3_timelapse_cdki_cell_4,Expt2020_017_setIII_STLC_GM132_RO3306_mKate2-Astrin_Nuf2-GFP_GFP_timelapse_06_R3D_D3D
1202,1202,50_17,26,17024.846153846152,Expt2020_017_setIII_STLC_GM132_RO3306_mKate2-Astrin_Nuf2-GFP_GFP_timelapse_06_R3D_D3D_Z2_C0_T10.tif,6668.962437623898,5261.695,5758.8076923076915,Expt2020_017_setIII_STLC_GM132_RO3306_mKate2-Astrin_Nuf2-GFP_GFP_timelapse_06_R3D_D3D_Z2_C1_T10.tif,4774.244170668894,4681.685,1.2062239563882329,2.5528478099978593,0.4725013185918217,cdki,set3_timelapse_cdki_cell_4,Expt2020_017_setIII_STLC_GM132_RO3306_mKate2-Astrin_Nuf2-GFP_GFP_timelapse_06_R3D_D3D
1203,1203,50_18,21,16086.952380952383,Expt2020_017_setIII_STLC_GM132_RO3306_mKate2-Astrin_Nuf2-GFP_GFP_timelapse_06_R3D_D3D_Z2_C0_T10.tif,6668.962437623898,5261.695,6095.809523809524,Expt2020_017_setIII_STLC_GM132_RO3306_mKate2-Astrin_Nuf2-GFP_GFP_timelapse_06_R3D_D3D_Z2_C1_T10.tif,4774.244170668894,4681.685,1.276811429390188,2.4122121741450453,0.5293114109428311,cdki,set3_timelapse_cdki_cell_4,Expt2020_017_setIII_STLC_GM132_RO3306_mKate2-Astrin_Nuf2-GFP_GFP_timelapse_06_R3D_D3D
1204,1204,50_19,26,17781.153846153848,Expt2020_017_setIII_STLC_GM132_RO3306_mKate2-Astrin_Nuf2-GFP_GFP_timelapse_06_R3D_D3D_Z2_C0_T10.tif,6668.962437623898,5261.695,4791.653846153846,Expt2020_017_setIII_STLC_GM132_RO3306_mKate2-Astrin_Nuf2-GFP_GFP_timelapse_06_R3D_D3D_Z2_C1_T10.tif,4774.244170668894,4681.685,1.0036465825505763,2.666254910334919,0.37642559181428914,cdki,set3_timelapse_cdki_cell_4,Expt2020_017_setIII_STLC_GM132_RO3306_mKate2-Astrin_Nuf2-GFP_GFP_timelapse_06_R3D_D3D
1205,1205,50_20,30,17439.066666666666,Expt2020_017_setIII_STLC_GM132_RO3306_mKate2-Astrin_Nuf2-GFP_GFP_timelapse_06_R3D_D3D_Z2_C0_T10.tif,6668.962437623898,5261.695,6618.0666666666675,Expt2020_017_setIII_STLC_GM132_RO3306_mKate2-Astrin_Nuf2-GFP_GFP_timelapse_06_R3D_D3D_Z2_C1_T10.tif,4774.244170668894,4681.685,1.386201968329459,2.6149594977895956,0.5301045654822587,cdki,set3_timelapse_cdki_cell_4,Expt2020_017_setIII_STLC_GM132_RO3306_mKate2-Astrin_Nuf2-GFP_GFP_timelapse_06_R3D_D3D
1206,1206,50_21,24,15724.916666666664,Expt2020_017_setIII_STLC_GM132_RO3306_mKate2-Astrin_Nuf2-GFP_GFP_timelapse_06_R3D_D3D_Z2_C0_T10.tif,6668.962437623898,5261.695,4321.166666666667,Expt2020_017_setIII_STLC_GM132_RO3306_mKate2-Astrin_Nuf2-GFP_GFP_timelapse_06_R3D_D3D_Z2_C1_T10.tif,4774.244170668894,4681.685,0.9050996371769673,2.3579255114637196,0.3838542111600092,cdki,set3_timelapse_cdki_cell_4,Expt2020_017_setIII_STLC_GM132_RO3306_mKate2-Astrin_Nuf2-GFP_GFP_timelapse_06_R3D_D3D
1207,1207,50_22,8,16970.625,Expt2020_017_setIII_STLC_GM132_RO3306_mKate2-Astrin_Nuf2-GFP_GFP_timelapse_06_R3D_D3D_Z2_C0_T10.tif,6668.962437623898,5261.695,7240.875,Expt2020_017_setIII_STLC_GM132_RO3306_mKate2-Astrin_Nuf2-GFP_GFP_timelapse_06_R3D_D3D_Z2_C1_T10.tif,4774.244170668894,4681.685,1.516653681955592,2.5447174367421552,0.5960008211745781,cdki,set3_timelapse_cdki_cell_4,Expt2020_017_setIII_STLC_GM132_RO3306_mKate2-Astrin_Nuf2-GFP_GFP_timelapse_06_R3D_D3D
1208,1208,50_23,68,17598.691176470587,Expt2020_017_setIII_STLC_GM132_RO3306_mKate2-Astrin_Nuf2-GFP_GFP_timelapse_06_R3D_D3D_Z2_C0_T10.tif,6668.962437623898,5261.695,5826.2941176470595,Expt2020_017_setIII_STLC_GM132_RO3306_mKate2-Astrin_Nuf2-GFP_GFP_timelapse_06_R3D_D3D_Z2_C1_T10.tif,4774.244170668894,4681.685,1.2203594766772827,2.6388949317190744,0.4624509532413612,cdki,set3_timelapse_cdki_cell_4,Expt2020_017_setIII_STLC_GM132_RO3306_mKate2-Astrin_Nuf2-GFP_GFP_timelapse_06_R3D_D3D
1209,1209,50_24,8,16174.25,Expt2020_017_setIII_STLC_GM132_RO3306_mKate2-Astrin_Nuf2-GFP_GFP_timelapse_06_R3D_D3D_Z2_C0_T10.tif,6668.962437623898,5261.695,6549.5,Expt2020_017_setIII_STLC_GM132_RO3306_mKate2-Astrin_Nuf2-GFP_GFP_timelapse_06_R3D_D3D_Z2_C1_T10.tif,4774.244170668894,4681.685,1.37184018367506,2.4253023092094015,0.5656367779249143,cdki,set3_timelapse_cdki_cell_4,Expt2020_017_setIII_STLC_GM132_RO3306_mKate2-Astrin_Nuf2-GFP_GFP_timelapse_06_R3D_D3D
1212,1212,50_27,28,15441.75,Expt2020_017_setIII_STLC_GM132_RO3306_mKate2-Astrin_Nuf2-GFP_GFP_timelapse_06_R3D_D3D_Z2_C0_T10.tif,6668.962437623898,5261.695,4870.357142857143,Expt2020_017_setIII_STLC_GM132_RO3306_mKate2-Astrin_Nuf2-GFP_GFP_timelapse_06_R3D_D3D_Z2_C1_T10.tif,4774.244170668894,4681.685,1.0201315577403287,2.3154651333591527,0.4405730594009751,cdki,set3_timelapse_cdki_cell_4,Expt2020_017_setIII_STLC_GM132_RO3306_mKate2-Astrin_Nuf2-GFP_GFP_timelapse_06_R3D_D3D
1213,1213,51_1,21,11156.52380952381,Expt2020_017_setIII_STLC_GM132_RO3306_mKate2-Astrin_Nuf2-GFP_GFP_timelapse_06_R3D_D3D_Z2_C0_T11.tif,6616.028251442043,5137.805,3327.333333333333,Expt2020_017_setIII_STLC_GM132_RO3306_mKate2-Astrin_Nuf2-GFP_GFP_timelapse_06_R3D_D3D_Z2_C1_T11.tif,4678.872729665702,4624.1725,0.7111399530568265,1.6862872082041231,0.4217193545660484,cdki,set3_timelapse_cdki_cell_4,Expt2020_017_setIII_STLC_GM132_RO3306_mKate2-Astrin_Nuf2-GFP_GFP_timelapse_06_R3D_D3D
1214,1214,51_2,16,12163.625,Expt2020_017_setIII_STLC_GM132_RO3306_mKate2-Astrin_Nuf2-GFP_GFP_timelapse_06_R3D_D3D_Z2_C0_T11.tif,6616.028251442043,5137.805,4439.125,Expt2020_017_setIII_STLC_GM132_RO3306_mKate2-Astrin_Nuf2-GFP_GFP_timelapse_06_R3D_D3D_Z2_C1_T11.tif,4678.872729665702,4624.1725,0.9487595103526504,1.8385086244679791,0.5160484415063318,cdki,set3_timelapse_cdki_cell_4,Expt2020_017_setIII_STLC_GM132_RO3306_mKate2-Astrin_Nuf2-GFP_GFP_timelapse_06_R3D_D3D
1215,1215,51_3,38,16019.157894736842,Expt2020_017_setIII_STLC_GM132_RO3306_mKate2-Astrin_Nuf2-GFP_GFP_timelapse_06_R3D_D3D_Z2_C0_T11.tif,6616.028251442043,5137.805,4600.026315789473,Expt2020_017_setIII_STLC_GM132_RO3306_mKate2-Astrin_Nuf2-GFP_GFP_timelapse_06_R3D_D3D_Z2_C1_T11.tif,4678.872729665702,4624.1725,0.983148416631144,2.421265037863959,0.406047417881389,cdki,set3_timelapse_cdki_cell_4,Expt2020_017_setIII_STLC_GM132_RO3306_mKate2-Astrin_Nuf2-GFP_GFP_timelapse_06_R3D_D3D
1216,1216,51_4,12,12506.916666666664,Expt2020_017_setIII_STLC_GM132_RO3306_mKate2-Astrin_Nuf2-GFP_GFP_timelapse_06_R3D_D3D_Z2_C0_T11.tif,6616.028251442043,5137.805,4139.083333333333,Expt2020_017_setIII_STLC_GM132_RO3306_mKate2-Astrin_Nuf2-GFP_GFP_timelapse_06_R3D_D3D_Z2_C1_T11.tif,4678.872729665702,4624.1725,0.884632596883879,1.8903965024545701,0.4679614016081996,cdki,set3_timelapse_cdki_cell_4,Expt2020_017_setIII_STLC_GM132_RO3306_mKate2-Astrin_Nuf2-GFP_GFP_timelapse_06_R3D_D3D
1217,1217,51_5,31,12138.419354838708,Expt2020_017_setIII_STLC_GM132_RO3306_mKate2-Astrin_Nuf2-GFP_GFP_timelapse_06_R3D_D3D_Z2_C0_T11.tif,6616.028251442043,5137.805,5052.645161290323,Expt2020_017_setIII_STLC_GM132_RO3306_mKate2-Astrin_Nuf2-GFP_GFP_timelapse_06_R3D_D3D_Z2_C1_T11.tif,4678.872729665702,4624.1725,1.079885146106833,1.8346988394726085,0.5885898671071544,cdki,set3_timelapse_cdki_cell_4,Expt2020_017_setIII_STLC_GM132_RO3306_mKate2-Astrin_Nuf2-GFP_GFP_timelapse_06_R3D_D3D
1218,1218,51_6,21,12619.952380952383,Expt2020_017_setIII_STLC_GM132_RO3306_mKate2-Astrin_Nuf2-GFP_GFP_timelapse_06_R3D_D3D_Z2_C0_T11.tif,6616.028251442043,5137.805,3954.476190476191,Expt2020_017_setIII_STLC_GM132_RO3306_mKate2-Astrin_Nuf2-GFP_GFP_timelapse_06_R3D_D3D_Z2_C1_T11.tif,4678.872729665702,4624.1725,0.8451771225584783,1.9074816341967271,0.44308532643586723,cdki,set3_timelapse_cdki_cell_4,Expt2020_017_setIII_STLC_GM132_RO3306_mKate2-Astrin_Nuf2-GFP_GFP_timelapse_06_R3D_D3D
1219,1219,51_7,50,14565.84,Expt2020_017_setIII_STLC_GM132_RO3306_mKate2-Astrin_Nuf2-GFP_GFP_timelapse_06_R3D_D3D_Z2_C0_T11.tif,6616.028251442043,5137.805,4411.12,Expt2020_017_setIII_STLC_GM132_RO3306_mKate2-Astrin_Nuf2-GFP_GFP_timelapse_06_R3D_D3D_Z2_C1_T11.tif,4678.872729665702,4624.1725,0.9427740942881273,2.2015988212905833,0.428222474126994,cdki,set3_timelapse_cdki_cell_4,Expt2020_017_setIII_STLC_GM132_RO3306_mKate2-Astrin_Nuf2-GFP_GFP_timelapse_06_R3D_D3D
1220,1220,51_8,22,12409.863636363636,Expt2020_017_setIII_STLC_GM132_RO3306_mKate2-Astrin_Nuf2-GFP_GFP_timelapse_06_R3D_D3D_Z2_C0_T11.tif,6616.028251442043,5137.805,3787.2727272727284,Expt2020_017_setIII_STLC_GM132_RO3306_mKate2-Astrin_Nuf2-GFP_GFP_timelapse_06_R3D_D3D_Z2_C1_T11.tif,4678.872729665702,4624.1725,0.8094412791483053,1.8757271227883219,0.43153466691095654,cdki,set3_timelapse_cdki_cell_4,Expt2020_017_setIII_STLC_GM132_RO3306_mKate2-Astrin_Nuf2-GFP_GFP_timelapse_06_R3D_D3D
1221,1221,51_9,26,12969.615384615383,Expt2020_017_setIII_STLC_GM132_RO3306_mKate2-Astrin_Nuf2-GFP_GFP_timelapse_06_R3D_D3D_Z2_C0_T11.tif,6616.028251442043,5137.805,4534.23076923077,Expt2020_017_setIII_STLC_GM132_RO3306_mKate2-Astrin_Nuf2-GFP_GFP_timelapse_06_R3D_D3D_Z2_C1_T11.tif,4678.872729665702,4624.1725,0.9690861519874541,1.9603325275687113,0.4943478406642348,cdki,set3_timelapse_cdki_cell_4,Expt2020_017_setIII_STLC_GM132_RO3306_mKate2-Astrin_Nuf2-GFP_GFP_timelapse_06_R3D_D3D
1222,1222,51_10,19,11925.0,Expt2020_017_setIII_STLC_GM132_RO3306_mKate2-Astrin_Nuf2-GFP_GFP_timelapse_06_R3D_D3D_Z2_C0_T11.tif,6616.028251442043,5137.805,4115.736842105263,Expt2020_017_setIII_STLC_GM132_RO3306_mKate2-Astrin_Nuf2-GFP_GFP_timelapse_06_R3D_D3D_Z2_C1_T11.tif,4678.872729665702,4624.1725,0.879642828497993,1.8024409127032979,0.48802866285292323,cdki,set3_timelapse_cdki_cell_4,Expt2020_017_setIII_STLC_GM132_RO3306_mKate2-Astrin_Nuf2-GFP_GFP_timelapse_06_R3D_D3D
1223,1223,51_11,32,13812.625,Expt2020_017_setIII_STLC_GM132_RO3306_mKate2-Astrin_Nuf2-GFP_GFP_timelapse_06_R3D_D3D_Z2_C0_T11.tif,6616.028251442043,5137.805,4635.625,Expt2020_017_setIII_STLC_GM132_RO3306_mKate2-Astrin_Nuf2-GFP_GFP_timelapse_06_R3D_D3D_Z2_C1_T11.tif,4678.872729665702,4624.1725,0.9907568057170062,2.0877518165055253,0.47455679256710354,cdki,set3_timelapse_cdki_cell_4,Expt2020_017_setIII_STLC_GM132_RO3306_mKate2-Astrin_Nuf2-GFP_GFP_timelapse_06_R3D_D3D
1224,1224,51_12,26,12136.53846153846,Expt2020_017_setIII_STLC_GM132_RO3306_mKate2-Astrin_Nuf2-GFP_GFP_timelapse_06_R3D_D3D_Z2_C0_T11.tif,6616.028251442043,5137.805,3942.4230769230767,Expt2020_017_setIII_STLC_GM132_RO3306_mKate2-Astrin_Nuf2-GFP_GFP_timelapse_06_R3D_D3D_Z2_C1_T11.tif,4678.872729665702,4624.1725,0.8426010504467722,1.834414546052332,0.45932968219209414,cdki,set3_timelapse_cdki_cell_4,Expt2020_017_setIII_STLC_GM132_RO3306_mKate2-Astrin_Nuf2-GFP_GFP_timelapse_06_R3D_D3D
1225,1225,51_13,68,15570.514705882351,Expt2020_017_setIII_STLC_GM132_RO3306_mKate2-Astrin_Nuf2-GFP_GFP_timelapse_06_R3D_D3D_Z2_C0_T11.tif,6616.028251442043,5137.805,4888.485294117647,Expt2020_017_setIII_STLC_GM132_RO3306_mKate2-Astrin_Nuf2-GFP_GFP_timelapse_06_R3D_D3D_Z2_C1_T11.tif,4678.872729665702,4624.1725,1.0447998004140886,2.353453479054986,0.4439432560330962,cdki,set3_timelapse_cdki_cell_4,Expt2020_017_setIII_STLC_GM132_RO3306_mKate2-Astrin_Nuf2-GFP_GFP_timelapse_06_R3D_D3D
1226,1226,51_14,77,14559.571428571431,Expt2020_017_setIII_STLC_GM132_RO3306_mKate2-Astrin_Nuf2-GFP_GFP_timelapse_06_R3D_D3D_Z2_C0_T11.tif,6616.028251442043,5137.805,5044.896103896104,Expt2020_017_setIII_STLC_GM132_RO3306_mKate2-Astrin_Nuf2-GFP_GFP_timelapse_06_R3D_D3D_Z2_C1_T11.tif,4678.872729665702,4624.1725,1.0782289656886124,2.200651338723954,0.48995901654908347,cdki,set3_timelapse_cdki_cell_4,Expt2020_017_setIII_STLC_GM132_RO3306_mKate2-Astrin_Nuf2-GFP_GFP_timelapse_06_R3D_D3D
1227,1227,51_15,71,16400.704225352114,Expt2020_017_setIII_STLC_GM132_RO3306_mKate2-Astrin_Nuf2-GFP_GFP_timelapse_06_R3D_D3D_Z2_C0_T11.tif,6616.028251442043,5137.805,6572.422535211268,Expt2020_017_setIII_STLC_GM132_RO3306_mKate2-Astrin_Nuf2-GFP_GFP_timelapse_06_R3D_D3D_Z2_C1_T11.tif,4678.872729665702,4624.1725,1.4047021397995705,2.478935035045744,0.5666554871106775,cdki,set3_timelapse_cdki_cell_4,Expt2020_017_setIII_STLC_GM132_RO3306_mKate2-Astrin_Nuf2-GFP_GFP_timelapse_06_R3D_D3D
1229,1229,51_17,16,12681.5625,Expt2020_017_setIII_STLC_GM132_RO3306_mKate2-Astrin_Nuf2-GFP_GFP_timelapse_06_R3D_D3D_Z2_C0_T11.tif,6616.028251442043,5137.805,5468.3125,Expt2020_017_setIII_STLC_GM132_RO3306_mKate2-Astrin_Nuf2-GFP_GFP_timelapse_06_R3D_D3D_Z2_C1_T11.tif,4678.872729665702,4624.1725,1.1687243521989756,1.9167938857026343,0.6097287563970705,cdki,set3_timelapse_cdki_cell_4,Expt2020_017_setIII_STLC_GM132_RO3306_mKate2-Astrin_Nuf2-GFP_GFP_timelapse_06_R3D_D3D
1230,1230,51_18,16,11910.8125,Expt2020_017_setIII_STLC_GM132_RO3306_mKate2-Astrin_Nuf2-GFP_GFP_timelapse_06_R3D_D3D_Z2_C0_T11.tif,6616.028251442043,5137.805,4768.8125,Expt2020_017_setIII_STLC_GM132_RO3306_mKate2-Astrin_Nuf2-GFP_GFP_timelapse_06_R3D_D3D_Z2_C1_T11.tif,4678.872729665702,4624.1725,1.0192225297696278,1.800296499248457,0.5661414829141241,cdki,set3_timelapse_cdki_cell_4,Expt2020_017_setIII_STLC_GM132_RO3306_mKate2-Astrin_Nuf2-GFP_GFP_timelapse_06_R3D_D3D
1231,1231,51_19,67,14292.567164179103,Expt2020_017_setIII_STLC_GM132_RO3306_mKate2-Astrin_Nuf2-GFP_GFP_timelapse_06_R3D_D3D_Z2_C0_T11.tif,6616.028251442043,5137.805,5121.597014925374,Expt2020_017_setIII_STLC_GM132_RO3306_mKate2-Astrin_Nuf2-GFP_GFP_timelapse_06_R3D_D3D_Z2_C1_T11.tif,4678.872729665702,4624.1725,1.094621997827093,2.160294155494857,0.506700439402128,cdki,set3_timelapse_cdki_cell_4,Expt2020_017_setIII_STLC_GM132_RO3306_mKate2-Astrin_Nuf2-GFP_GFP_timelapse_06_R3D_D3D
1233,1233,51_21,39,13298.307692307693,Expt2020_017_setIII_STLC_GM132_RO3306_mKate2-Astrin_Nuf2-GFP_GFP_timelapse_06_R3D_D3D_Z2_C0_T11.tif,6616.028251442043,5137.805,5753.205128205128,Expt2020_017_setIII_STLC_GM132_RO3306_mKate2-Astrin_Nuf2-GFP_GFP_timelapse_06_R3D_D3D_Z2_C1_T11.tif,4678.872729665702,4624.1725,1.2296135117605957,2.01001374040523,0.6117438339066771,cdki,set3_timelapse_cdki_cell_4,Expt2020_017_setIII_STLC_GM132_RO3306_mKate2-Astrin_Nuf2-GFP_GFP_timelapse_06_R3D_D3D
1234,1234,51_22,16,11531.625,Expt2020_017_setIII_STLC_GM132_RO3306_mKate2-Astrin_Nuf2-GFP_GFP_timelapse_06_R3D_D3D_Z2_C0_T11.tif,6616.028251442043,5137.805,4730.0625,Expt2020_017_setIII_STLC_GM132_RO3306_mKate2-Astrin_Nuf2-GFP_GFP_timelapse_06_R3D_D3D_Z2_C1_T11.tif,4678.872729665702,4624.1725,1.010940620378438,1.7429830347968274,0.5800060013184691,cdki,set3_timelapse_cdki_cell_4,Expt2020_017_setIII_STLC_GM132_RO3306_mKate2-Astrin_Nuf2-GFP_GFP_timelapse_06_R3D_D3D
1235,1235,51_23,21,13354.428571428569,Expt2020_017_setIII_STLC_GM132_RO3306_mKate2-Astrin_Nuf2-GFP_GFP_timelapse_06_R3D_D3D_Z2_C0_T11.tif,6616.028251442043,5137.805,6089.190476190476,Expt2020_017_setIII_STLC_GM132_RO3306_mKate2-Astrin_Nuf2-GFP_GFP_timelapse_06_R3D_D3D_Z2_C1_T11.tif,4678.872729665702,4624.1725,1.3014225494065832,2.018496303808529,0.6447485422445608,cdki,set3_timelapse_cdki_cell_4,Expt2020_017_setIII_STLC_GM132_RO3306_mKate2-Astrin_Nuf2-GFP_GFP_timelapse_06_R3D_D3D
1236,1236,51_24,52,14656.5,Expt2020_017_setIII_STLC_GM132_RO3306_mKate2-Astrin_Nuf2-GFP_GFP_timelapse_06_R3D_D3D_Z2_C0_T11.tif,6616.028251442043,5137.805,6143.5576923076915,Expt2020_017_setIII_STLC_GM132_RO3306_mKate2-Astrin_Nuf2-GFP_GFP_timelapse_06_R3D_D3D_Z2_C1_T11.tif,4678.872729665702,4624.1725,1.3130422747674608,2.215301906669676,0.5927148217650358,cdki,set3_timelapse_cdki_cell_4,Expt2020_017_setIII_STLC_GM132_RO3306_mKate2-Astrin_Nuf2-GFP_GFP_timelapse_06_R3D_D3D
1237,1237,51_25,53,12886.528301886792,Expt2020_017_setIII_STLC_GM132_RO3306_mKate2-Astrin_Nuf2-GFP_GFP_timelapse_06_R3D_D3D_Z2_C0_T11.tif,6616.028251442043,5137.805,5491.66037735849,Expt2020_017_setIII_STLC_GM132_RO3306_mKate2-Astrin_Nuf2-GFP_GFP_timelapse_06_R3D_D3D_Z2_C1_T11.tif,4678.872729665702,4624.1725,1.1737144168379336,1.9477740741324703,0.6025926889702035,cdki,set3_timelapse_cdki_cell_4,Expt2020_017_setIII_STLC_GM132_RO3306_mKate2-Astrin_Nuf2-GFP_GFP_timelapse_06_R3D_D3D
1238,1238,51_26,72,14220.027777777776,Expt2020_017_setIII_STLC_GM132_RO3306_mKate2-Astrin_Nuf2-GFP_GFP_timelapse_06_R3D_D3D_Z2_C0_T11.tif,6616.028251442043,5137.805,4886.902777777777,Expt2020_017_setIII_STLC_GM132_RO3306_mKate2-Astrin_Nuf2-GFP_GFP_timelapse_06_R3D_D3D_Z2_C1_T11.tif,4678.872729665702,4624.1725,1.0444615744286208,2.149329966158828,0.48594752358812027,cdki,set3_timelapse_cdki_cell_4,Expt2020_017_setIII_STLC_GM132_RO3306_mKate2-Astrin_Nuf2-GFP_GFP_timelapse_06_R3D_D3D
1239,1239,51_27,38,12808.052631578948,Expt2020_017_setIII_STLC_GM132_RO3306_mKate2-Astrin_Nuf2-GFP_GFP_timelapse_06_R3D_D3D_Z2_C0_T11.tif,6616.028251442043,5137.805,6024.5,Expt2020_017_setIII_STLC_GM132_RO3306_mKate2-Astrin_Nuf2-GFP_GFP_timelapse_06_R3D_D3D_Z2_C1_T11.tif,4678.872729665702,4624.1725,1.2875964677992944,1.9359126268524138,0.6651108371005298,cdki,set3_timelapse_cdki_cell_4,Expt2020_017_setIII_STLC_GM132_RO3306_mKate2-Astrin_Nuf2-GFP_GFP_timelapse_06_R3D_D3D
1240,1240,51_28,36,15252.527777777776,Expt2020_017_setIII_STLC_GM132_RO3306_mKate2-Astrin_Nuf2-GFP_GFP_timelapse_06_R3D_D3D_Z2_C0_T11.tif,6616.028251442043,5137.805,5659.305555555556,Expt2020_017_setIII_STLC_GM132_RO3306_mKate2-Astrin_Nuf2-GFP_GFP_timelapse_06_R3D_D3D_Z2_C1_T11.tif,4678.872729665702,4624.1725,1.209544666533365,2.305390363841524,0.5246593746136222,cdki,set3_timelapse_cdki_cell_4,Expt2020_017_setIII_STLC_GM132_RO3306_mKate2-Astrin_Nuf2-GFP_GFP_timelapse_06_R3D_D3D
1241,1241,51_29,32,12178.0,Expt2020_017_setIII_STLC_GM132_RO3306_mKate2-Astrin_Nuf2-GFP_GFP_timelapse_06_R3D_D3D_Z2_C0_T11.tif,6616.028251442043,5137.805,4616.71875,Expt2020_017_setIII_STLC_GM132_RO3306_mKate2-Astrin_Nuf2-GFP_GFP_timelapse_06_R3D_D3D_Z2_C1_T11.tif,4678.872729665702,4624.1725,0.9867160354092079,1.840681378188743,0.5360602041729519,cdki,set3_timelapse_cdki_cell_4,Expt2020_017_setIII_STLC_GM132_RO3306_mKate2-Astrin_Nuf2-GFP_GFP_timelapse_06_R3D_D3D
1242,1242,51_30,39,13018.358974358976,Expt2020_017_setIII_STLC_GM132_RO3306_mKate2-Astrin_Nuf2-GFP_GFP_timelapse_06_R3D_D3D_Z2_C0_T11.tif,6616.028251442043,5137.805,5573.23076923077,Expt2020_017_setIII_STLC_GM132_RO3306_mKate2-Astrin_Nuf2-GFP_GFP_timelapse_06_R3D_D3D_Z2_C1_T11.tif,4678.872729665702,4624.1725,1.1911481870183225,1.9677000278107137,0.6053504955954124,cdki,set3_timelapse_cdki_cell_4,Expt2020_017_setIII_STLC_GM132_RO3306_mKate2-Astrin_Nuf2-GFP_GFP_timelapse_06_R3D_D3D
1243,1243,51_31,167,14376.892215568862,Expt2020_017_setIII_STLC_GM132_RO3306_mKate2-Astrin_Nuf2-GFP_GFP_timelapse_06_R3D_D3D_Z2_C0_T11.tif,6616.028251442043,5137.805,5256.053892215569,Expt2020_017_setIII_STLC_GM132_RO3306_mKate2-Astrin_Nuf2-GFP_GFP_timelapse_06_R3D_D3D_Z2_C1_T11.tif,4678.872729665702,4624.1725,1.1233590216913436,2.1730397255234277,0.5169528235019984,cdki,set3_timelapse_cdki_cell_4,Expt2020_017_setIII_STLC_GM132_RO3306_mKate2-Astrin_Nuf2-GFP_GFP_timelapse_06_R3D_D3D
1245,1245,51_33,12,12376.583333333336,Expt2020_017_setIII_STLC_GM132_RO3306_mKate2-Astrin_Nuf2-GFP_GFP_timelapse_06_R3D_D3D_Z2_C0_T11.tif,6616.028251442043,5137.805,5476.5,Expt2020_017_setIII_STLC_GM132_RO3306_mKate2-Astrin_Nuf2-GFP_GFP_timelapse_06_R3D_D3D_Z2_C1_T11.tif,4678.872729665702,4624.1725,1.1704742395058239,1.8706968687196446,0.6256888858251674,cdki,set3_timelapse_cdki_cell_4,Expt2020_017_setIII_STLC_GM132_RO3306_mKate2-Astrin_Nuf2-GFP_GFP_timelapse_06_R3D_D3D
1247,1247,52_1,31,13705.354838709678,Expt2020_017_setIII_STLC_GM132_RO3306_mKate2-Astrin_Nuf2-GFP_GFP_timelapse_06_R3D_D3D_Z2_C0_T12.tif,6446.321867562192,5137.835,4973.387096774193,Expt2020_017_setIII_STLC_GM132_RO3306_mKate2-Astrin_Nuf2-GFP_GFP_timelapse_06_R3D_D3D_Z2_C1_T12.tif,4643.732640715413,4569.9975,1.0709891118985682,2.1260736153549584,0.5037403710594288,cdki,set3_timelapse_cdki_cell_4,Expt2020_017_setIII_STLC_GM132_RO3306_mKate2-Astrin_Nuf2-GFP_GFP_timelapse_06_R3D_D3D
1248,1248,52_2,21,11881.904761904761,Expt2020_017_setIII_STLC_GM132_RO3306_mKate2-Astrin_Nuf2-GFP_GFP_timelapse_06_R3D_D3D_Z2_C0_T12.tif,6446.321867562192,5137.835,3902.952380952381,Expt2020_017_setIII_STLC_GM132_RO3306_mKate2-Astrin_Nuf2-GFP_GFP_timelapse_06_R3D_D3D_Z2_C1_T12.tif,4643.732640715413,4569.9975,0.8404774096449904,1.843206871455543,0.4559864780567373,cdki,set3_timelapse_cdki_cell_4,Expt2020_017_setIII_STLC_GM132_RO3306_mKate2-Astrin_Nuf2-GFP_GFP_timelapse_06_R3D_D3D
1249,1249,52_3,47,13629.446808510636,Expt2020_017_setIII_STLC_GM132_RO3306_mKate2-Astrin_Nuf2-GFP_GFP_timelapse_06_R3D_D3D_Z2_C0_T12.tif,6446.321867562192,5137.835,4972.95744680851,Expt2020_017_setIII_STLC_GM132_RO3306_mKate2-Astrin_Nuf2-GFP_GFP_timelapse_06_R3D_D3D_Z2_C1_T12.tif,4643.732640715413,4569.9975,1.0708965893528222,2.1142982135431114,0.5065021492678786,cdki,set3_timelapse_cdki_cell_4,Expt2020_017_setIII_STLC_GM132_RO3306_mKate2-Astrin_Nuf2-GFP_GFP_timelapse_06_R3D_D3D
1250,1250,52_4,13,12403.076923076924,Expt2020_017_setIII_STLC_GM132_RO3306_mKate2-Astrin_Nuf2-GFP_GFP_timelapse_06_R3D_D3D_Z2_C0_T12.tif,6446.321867562192,5137.835,3776.0,Expt2020_017_setIII_STLC_GM132_RO3306_mKate2-Astrin_Nuf2-GFP_GFP_timelapse_06_R3D_D3D_Z2_C1_T12.tif,4643.732640715413,4569.9975,0.8131389750763665,1.924054860724384,0.42261735446058396,cdki,set3_timelapse_cdki_cell_4,Expt2020_017_setIII_STLC_GM132_RO3306_mKate2-Astrin_Nuf2-GFP_GFP_timelapse_06_R3D_D3D
1251,1251,52_5,46,13786.41304347826,Expt2020_017_setIII_STLC_GM132_RO3306_mKate2-Astrin_Nuf2-GFP_GFP_timelapse_06_R3D_D3D_Z2_C0_T12.tif,6446.321867562192,5137.835,4120.630434782609,Expt2020_017_setIII_STLC_GM132_RO3306_mKate2-Astrin_Nuf2-GFP_GFP_timelapse_06_R3D_D3D_Z2_C1_T12.tif,4643.732640715413,4569.9975,0.8873530742604908,2.138647949437851,0.41491311110542234,cdki,set3_timelapse_cdki_cell_4,Expt2020_017_setIII_STLC_GM132_RO3306_mKate2-Astrin_Nuf2-GFP_GFP_timelapse_06_R3D_D3D
1252,1252,52_6,21,13793.952380952383,Expt2020_017_setIII_STLC_GM132_RO3306_mKate2-Astrin_Nuf2-GFP_GFP_timelapse_06_R3D_D3D_Z2_C0_T12.tif,6446.321867562192,5137.835,4057.047619047619,Expt2020_017_setIII_STLC_GM132_RO3306_mKate2-Astrin_Nuf2-GFP_GFP_timelapse_06_R3D_D3D_Z2_C1_T12.tif,4643.732640715413,4569.9975,0.8736608958655704,2.1398175059119176,0.40828757286628786,cdki,set3_timelapse_cdki_cell_4,Expt2020_017_setIII_STLC_GM132_RO3306_mKate2-Astrin_Nuf2-GFP_GFP_timelapse_06_R3D_D3D
1253,1253,52_7,26,13110.153846153846,Expt2020_017_setIII_STLC_GM132_RO3306_mKate2-Astrin_Nuf2-GFP_GFP_timelapse_06_R3D_D3D_Z2_C0_T12.tif,6446.321867562192,5137.835,4247.269230769231,Expt2020_017_setIII_STLC_GM132_RO3306_mKate2-Astrin_Nuf2-GFP_GFP_timelapse_06_R3D_D3D_Z2_C1_T12.tif,4643.732640715413,4569.9975,0.9146239801856675,2.0337417391650843,0.4497247426121813,cdki,set3_timelapse_cdki_cell_4,Expt2020_017_setIII_STLC_GM132_RO3306_mKate2-Astrin_Nuf2-GFP_GFP_timelapse_06_R3D_D3D
1254,1254,52_8,61,16524.40983606557,Expt2020_017_setIII_STLC_GM132_RO3306_mKate2-Astrin_Nuf2-GFP_GFP_timelapse_06_R3D_D3D_Z2_C0_T12.tif,6446.321867562192,5137.835,4753.262295081967,Expt2020_017_setIII_STLC_GM132_RO3306_mKate2-Astrin_Nuf2-GFP_GFP_timelapse_06_R3D_D3D_Z2_C1_T12.tif,4643.732640715413,4569.9975,1.023586554791337,2.5633857842588013,0.3993103812453674,cdki,set3_timelapse_cdki_cell_4,Expt2020_017_setIII_STLC_GM132_RO3306_mKate2-Astrin_Nuf2-GFP_GFP_timelapse_06_R3D_D3D
1255,1255,52_9,74,14654.851351351352,Expt2020_017_setIII_STLC_GM132_RO3306_mKate2-Astrin_Nuf2-GFP_GFP_timelapse_06_R3D_D3D_Z2_C0_T12.tif,6446.321867562192,5137.835,5100.040540540541,Expt2020_017_setIII_STLC_GM132_RO3306_mKate2-Astrin_Nuf2-GFP_GFP_timelapse_06_R3D_D3D_Z2_C1_T12.tif,4643.732640715413,4569.9975,1.0982631721353426,2.2733663711541263,0.48309994643660725,cdki,set3_timelapse_cdki_cell_4,Expt2020_017_setIII_STLC_GM132_RO3306_mKate2-Astrin_Nuf2-GFP_GFP_timelapse_06_R3D_D3D
1256,1256,52_10,61,17721.688524590165,Expt2020_017_setIII_STLC_GM132_RO3306_mKate2-Astrin_Nuf2-GFP_GFP_timelapse_06_R3D_D3D_Z2_C0_T12.tif,6446.321867562192,5137.835,6399.639344262295,Expt2020_017_setIII_STLC_GM132_RO3306_mKate2-Astrin_Nuf2-GFP_GFP_timelapse_06_R3D_D3D_Z2_C1_T12.tif,4643.732640715413,4569.9975,1.3781239876196592,2.749116300531854,0.5012970849407289,cdki,set3_timelapse_cdki_cell_4,Expt2020_017_setIII_STLC_GM132_RO3306_mKate2-Astrin_Nuf2-GFP_GFP_timelapse_06_R3D_D3D
1258,1258,52_12,39,13837.94871794872,Expt2020_017_setIII_STLC_GM132_RO3306_mKate2-Astrin_Nuf2-GFP_GFP_timelapse_06_R3D_D3D_Z2_C0_T12.tif,6446.321867562192,5137.835,5015.128205128205,Expt2020_017_setIII_STLC_GM132_RO3306_mKate2-Astrin_Nuf2-GFP_GFP_timelapse_06_R3D_D3D_Z2_C1_T12.tif,4643.732640715413,4569.9975,1.0799778094794825,2.146642535424906,0.5031009083520801,cdki,set3_timelapse_cdki_cell_4,Expt2020_017_setIII_STLC_GM132_RO3306_mKate2-Astrin_Nuf2-GFP_GFP_timelapse_06_R3D_D3D
1260,1260,52_14,59,13952.084745762713,Expt2020_017_setIII_STLC_GM132_RO3306_mKate2-Astrin_Nuf2-GFP_GFP_timelapse_06_R3D_D3D_Z2_C0_T12.tif,6446.321867562192,5137.835,5300.9152542372885,Expt2020_017_setIII_STLC_GM132_RO3306_mKate2-Astrin_Nuf2-GFP_GFP_timelapse_06_R3D_D3D_Z2_C1_T12.tif,4643.732640715413,4569.9975,1.1415203381348478,2.164348140289026,0.5274199269912324,cdki,set3_timelapse_cdki_cell_4,Expt2020_017_setIII_STLC_GM132_RO3306_mKate2-Astrin_Nuf2-GFP_GFP_timelapse_06_R3D_D3D
1261,1261,52_15,41,15225.390243902439,Expt2020_017_setIII_STLC_GM132_RO3306_mKate2-Astrin_Nuf2-GFP_GFP_timelapse_06_R3D_D3D_Z2_C0_T12.tif,6446.321867562192,5137.835,5706.926829268294,Expt2020_017_setIII_STLC_GM132_RO3306_mKate2-Astrin_Nuf2-GFP_GFP_timelapse_06_R3D_D3D_Z2_C1_T12.tif,4643.732640715413,4569.9975,1.2289524980897877,2.3618724842947114,0.5203297410261207,cdki,set3_timelapse_cdki_cell_4,Expt2020_017_setIII_STLC_GM132_RO3306_mKate2-Astrin_Nuf2-GFP_GFP_timelapse_06_R3D_D3D
1262,1262,52_16,24,12708.541666666664,Expt2020_017_setIII_STLC_GM132_RO3306_mKate2-Astrin_Nuf2-GFP_GFP_timelapse_06_R3D_D3D_Z2_C0_T12.tif,6446.321867562192,5137.835,6334.75,Expt2020_017_setIII_STLC_GM132_RO3306_mKate2-Astrin_Nuf2-GFP_GFP_timelapse_06_R3D_D3D_Z2_C1_T12.tif,4643.732640715413,4569.9975,1.3641504561348021,1.9714407576537376,0.6919560990299869,cdki,set3_timelapse_cdki_cell_4,Expt2020_017_setIII_STLC_GM132_RO3306_mKate2-Astrin_Nuf2-GFP_GFP_timelapse_06_R3D_D3D
1263,1263,52_17,39,13125.410256410256,Expt2020_017_setIII_STLC_GM132_RO3306_mKate2-Astrin_Nuf2-GFP_GFP_timelapse_06_R3D_D3D_Z2_C0_T12.tif,6446.321867562192,5137.835,5058.025641025641,Expt2020_017_setIII_STLC_GM132_RO3306_mKate2-Astrin_Nuf2-GFP_GFP_timelapse_06_R3D_D3D_Z2_C1_T12.tif,4643.732640715413,4569.9975,1.0892155152684246,2.036108423697729,0.5349496630883368,cdki,set3_timelapse_cdki_cell_4,Expt2020_017_setIII_STLC_GM132_RO3306_mKate2-Astrin_Nuf2-GFP_GFP_timelapse_06_R3D_D3D
1264,1264,52_18,52,15595.134615384617,Expt2020_017_setIII_STLC_GM132_RO3306_mKate2-Astrin_Nuf2-GFP_GFP_timelapse_06_R3D_D3D_Z2_C0_T12.tif,6446.321867562192,5137.835,5110.788461538462,Expt2020_017_setIII_STLC_GM132_RO3306_mKate2-Astrin_Nuf2-GFP_GFP_timelapse_06_R3D_D3D_Z2_C1_T12.tif,4643.732640715413,4569.9975,1.100577672523174,2.419229901295983,0.4549289308691141,cdki,set3_timelapse_cdki_cell_4,Expt2020_017_setIII_STLC_GM132_RO3306_mKate2-Astrin_Nuf2-GFP_GFP_timelapse_06_R3D_D3D
1265,1265,52_19,75,13403.44,Expt2020_017_setIII_STLC_GM132_RO3306_mKate2-Astrin_Nuf2-GFP_GFP_timelapse_06_R3D_D3D_Z2_C0_T12.tif,6446.321867562192,5137.835,5009.8533333333335,Expt2020_017_setIII_STLC_GM132_RO3306_mKate2-Astrin_Nuf2-GFP_GFP_timelapse_06_R3D_D3D_Z2_C1_T12.tif,4643.732640715413,4569.9975,1.0788418974442757,2.079238405306123,0.5188639718712004,cdki,set3_timelapse_cdki_cell_4,Expt2020_017_setIII_STLC_GM132_RO3306_mKate2-Astrin_Nuf2-GFP_GFP_timelapse_06_R3D_D3D
1266,1266,52_20,12,12095.0,Expt2020_017_setIII_STLC_GM132_RO3306_mKate2-Astrin_Nuf2-GFP_GFP_timelapse_06_R3D_D3D_Z2_C0_T12.tif,6446.321867562192,5137.835,5032.583333333333,Expt2020_017_setIII_STLC_GM132_RO3306_mKate2-Astrin_Nuf2-GFP_GFP_timelapse_06_R3D_D3D_Z2_C1_T12.tif,4643.732640715413,4569.9975,1.0837366667513428,1.8762637436492091,0.5776035860734304,cdki,set3_timelapse_cdki_cell_4,Expt2020_017_setIII_STLC_GM132_RO3306_mKate2-Astrin_Nuf2-GFP_GFP_timelapse_06_R3D_D3D
1267,1267,52_21,12,12554.083333333336,Expt2020_017_setIII_STLC_GM132_RO3306_mKate2-Astrin_Nuf2-GFP_GFP_timelapse_06_R3D_D3D_Z2_C0_T12.tif,6446.321867562192,5137.835,4815.0,Expt2020_017_setIII_STLC_GM132_RO3306_mKate2-Astrin_Nuf2-GFP_GFP_timelapse_06_R3D_D3D_Z2_C1_T12.tif,4643.732640715413,4569.9975,1.0368813996273052,1.9474800655712399,0.5324220863452918,cdki,set3_timelapse_cdki_cell_4,Expt2020_017_setIII_STLC_GM132_RO3306_mKate2-Astrin_Nuf2-GFP_GFP_timelapse_06_R3D_D3D
1268,1268,52_22,69,14311.82608695652,Expt2020_017_setIII_STLC_GM132_RO3306_mKate2-Astrin_Nuf2-GFP_GFP_timelapse_06_R3D_D3D_Z2_C0_T12.tif,6446.321867562192,5137.835,5056.202898550725,Expt2020_017_setIII_STLC_GM132_RO3306_mKate2-Astrin_Nuf2-GFP_GFP_timelapse_06_R3D_D3D_Z2_C1_T12.tif,4643.732640715413,4569.9975,1.0888229985979052,2.2201538149954074,0.4904268304492036,cdki,set3_timelapse_cdki_cell_4,Expt2020_017_setIII_STLC_GM132_RO3306_mKate2-Astrin_Nuf2-GFP_GFP_timelapse_06_R3D_D3D
1269,1269,52_23,34,14728.764705882351,Expt2020_017_setIII_STLC_GM132_RO3306_mKate2-Astrin_Nuf2-GFP_GFP_timelapse_06_R3D_D3D_Z2_C0_T12.tif,6446.321867562192,5137.835,6263.735294117647,Expt2020_017_setIII_STLC_GM132_RO3306_mKate2-Astrin_Nuf2-GFP_GFP_timelapse_06_R3D_D3D_Z2_C1_T12.tif,4643.732640715413,4569.9975,1.3488578647268237,2.2848323444718615,0.5903531031457855,cdki,set3_timelapse_cdki_cell_4,Expt2020_017_setIII_STLC_GM132_RO3306_mKate2-Astrin_Nuf2-GFP_GFP_timelapse_06_R3D_D3D
1270,1270,52_24,41,14574.634146341465,Expt2020_017_setIII_STLC_GM132_RO3306_mKate2-Astrin_Nuf2-GFP_GFP_timelapse_06_R3D_D3D_Z2_C0_T12.tif,6446.321867562192,5137.835,6203.902439024389,Expt2020_017_setIII_STLC_GM132_RO3306_mKate2-Astrin_Nuf2-GFP_GFP_timelapse_06_R3D_D3D_Z2_C1_T12.tif,4643.732640715413,4569.9975,1.3359732178871988,2.260922499027055,0.5908973962893949,cdki,set3_timelapse_cdki_cell_4,Expt2020_017_setIII_STLC_GM132_RO3306_mKate2-Astrin_Nuf2-GFP_GFP_timelapse_06_R3D_D3D
1271,1271,52_25,19,12497.947368421052,Expt2020_017_setIII_STLC_GM132_RO3306_mKate2-Astrin_Nuf2-GFP_GFP_timelapse_06_R3D_D3D_Z2_C0_T12.tif,6446.321867562192,5137.835,5920.736842105262,Expt2020_017_setIII_STLC_GM132_RO3306_mKate2-Astrin_Nuf2-GFP_GFP_timelapse_06_R3D_D3D_Z2_C1_T12.tif,4643.732640715413,4569.9975,1.274995203253802,1.9387718493100012,0.6576303466070884,cdki,set3_timelapse_cdki_cell_4,Expt2020_017_setIII_STLC_GM132_RO3306_mKate2-Astrin_Nuf2-GFP_GFP_timelapse_06_R3D_D3D
1272,1272,52_26,130,14425.66923076923,Expt2020_017_setIII_STLC_GM132_RO3306_mKate2-Astrin_Nuf2-GFP_GFP_timelapse_06_R3D_D3D_Z2_C0_T12.tif,6446.321867562192,5137.835,4799.276923076924,Expt2020_017_setIII_STLC_GM132_RO3306_mKate2-Astrin_Nuf2-GFP_GFP_timelapse_06_R3D_D3D_Z2_C1_T12.tif,4643.732640715413,4569.9975,1.0334955292209818,2.2378139855781964,0.46183263483088466,cdki,set3_timelapse_cdki_cell_4,Expt2020_017_setIII_STLC_GM132_RO3306_mKate2-Astrin_Nuf2-GFP_GFP_timelapse_06_R3D_D3D
1273,1273,52_27,30,13381.5,Expt2020_017_setIII_STLC_GM132_RO3306_mKate2-Astrin_Nuf2-GFP_GFP_timelapse_06_R3D_D3D_Z2_C0_T12.tif,6446.321867562192,5137.835,5316.4,Expt2020_017_setIII_STLC_GM132_RO3306_mKate2-Astrin_Nuf2-GFP_GFP_timelapse_06_R3D_D3D_Z2_C1_T12.tif,4643.732640715413,4569.9975,1.144854885353812,2.0758349140671264,0.551515381881081,cdki,set3_timelapse_cdki_cell_4,Expt2020_017_setIII_STLC_GM132_RO3306_mKate2-Astrin_Nuf2-GFP_GFP_timelapse_06_R3D_D3D
1276,1276,53_1,12,12459.833333333336,Expt2020_017_setIII_STLC_GM132_RO3306_mKate2-Astrin_Nuf2-GFP_GFP_timelapse_06_R3D_D3D_Z2_C0_T13.tif,6456.075978979488,5057.8975,3358.0,Expt2020_017_setIII_STLC_GM132_RO3306_mKate2-Astrin_Nuf2-GFP_GFP_timelapse_06_R3D_D3D_Z2_C1_T13.tif,4452.964682312536,4500.465,0.7541043416172137,1.929939079698201,0.3907399718208404,cdki,set3_timelapse_cdki_cell_4,Expt2020_017_setIII_STLC_GM132_RO3306_mKate2-Astrin_Nuf2-GFP_GFP_timelapse_06_R3D_D3D
1277,1277,53_2,41,13911.121951219511,Expt2020_017_setIII_STLC_GM132_RO3306_mKate2-Astrin_Nuf2-GFP_GFP_timelapse_06_R3D_D3D_Z2_C0_T13.tif,6456.075978979488,5057.8975,4903.536585365854,Expt2020_017_setIII_STLC_GM132_RO3306_mKate2-Astrin_Nuf2-GFP_GFP_timelapse_06_R3D_D3D_Z2_C1_T13.tif,4452.964682312536,4500.465,1.101184701698403,2.1547333080516875,0.5110538262826111,cdki,set3_timelapse_cdki_cell_4,Expt2020_017_setIII_STLC_GM132_RO3306_mKate2-Astrin_Nuf2-GFP_GFP_timelapse_06_R3D_D3D
1278,1278,53_3,12,12926.666666666664,Expt2020_017_setIII_STLC_GM132_RO3306_mKate2-Astrin_Nuf2-GFP_GFP_timelapse_06_R3D_D3D_Z2_C0_T13.tif,6456.075978979488,5057.8975,3228.833333333333,Expt2020_017_setIII_STLC_GM132_RO3306_mKate2-Astrin_Nuf2-GFP_GFP_timelapse_06_R3D_D3D_Z2_C1_T13.tif,4452.964682312536,4500.465,0.7250974493820865,2.0022482245802165,0.3621416368263269,cdki,set3_timelapse_cdki_cell_4,Expt2020_017_setIII_STLC_GM132_RO3306_mKate2-Astrin_Nuf2-GFP_GFP_timelapse_06_R3D_D3D
1279,1279,53_4,50,16172.18,Expt2020_017_setIII_STLC_GM132_RO3306_mKate2-Astrin_Nuf2-GFP_GFP_timelapse_06_R3D_D3D_Z2_C0_T13.tif,6456.075978979488,5057.8975,4883.7,Expt2020_017_setIII_STLC_GM132_RO3306_mKate2-Astrin_Nuf2-GFP_GFP_timelapse_06_R3D_D3D_Z2_C1_T13.tif,4452.964682312536,4500.465,1.0967300098737303,2.5049550303706827,0.4378242310048322,cdki,set3_timelapse_cdki_cell_4,Expt2020_017_setIII_STLC_GM132_RO3306_mKate2-Astrin_Nuf2-GFP_GFP_timelapse_06_R3D_D3D
1280,1280,53_5,26,16159.576923076924,Expt2020_017_setIII_STLC_GM132_RO3306_mKate2-Astrin_Nuf2-GFP_GFP_timelapse_06_R3D_D3D_Z2_C0_T13.tif,6456.075978979488,5057.8975,4331.846153846154,Expt2020_017_setIII_STLC_GM132_RO3306_mKate2-Astrin_Nuf2-GFP_GFP_timelapse_06_R3D_D3D_Z2_C1_T13.tif,4452.964682312536,4500.465,0.9728004740420528,2.5030029038833073,0.3886533541502459,cdki,set3_timelapse_cdki_cell_4,Expt2020_017_setIII_STLC_GM132_RO3306_mKate2-Astrin_Nuf2-GFP_GFP_timelapse_06_R3D_D3D
1281,1281,53_6,36,17604.05555555556,Expt2020_017_setIII_STLC_GM132_RO3306_mKate2-Astrin_Nuf2-GFP_GFP_timelapse_06_R3D_D3D_Z2_C0_T13.tif,6456.075978979488,5057.8975,5431.027777777777,Expt2020_017_setIII_STLC_GM132_RO3306_mKate2-Astrin_Nuf2-GFP_GFP_timelapse_06_R3D_D3D_Z2_C1_T13.tif,4452.964682312536,4500.465,1.2196431288463103,2.7267423141972116,0.4472894715778778,cdki,set3_timelapse_cdki_cell_4,Expt2020_017_setIII_STLC_GM132_RO3306_mKate2-Astrin_Nuf2-GFP_GFP_timelapse_06_R3D_D3D
1282,1282,53_7,63,17187.809523809523,Expt2020_017_setIII_STLC_GM132_RO3306_mKate2-Astrin_Nuf2-GFP_GFP_timelapse_06_R3D_D3D_Z2_C0_T13.tif,6456.075978979488,5057.8975,6308.571428571428,Expt2020_017_setIII_STLC_GM132_RO3306_mKate2-Astrin_Nuf2-GFP_GFP_timelapse_06_R3D_D3D_Z2_C1_T13.tif,4452.964682312536,4500.465,1.4167126574413407,2.662268780567604,0.532144863727581,cdki,set3_timelapse_cdki_cell_4,Expt2020_017_setIII_STLC_GM132_RO3306_mKate2-Astrin_Nuf2-GFP_GFP_timelapse_06_R3D_D3D
1284,1284,53_9,37,14283.027027027028,Expt2020_017_setIII_STLC_GM132_RO3306_mKate2-Astrin_Nuf2-GFP_GFP_timelapse_06_R3D_D3D_Z2_C0_T13.tif,6456.075978979488,5057.8975,4732.810810810811,Expt2020_017_setIII_STLC_GM132_RO3306_mKate2-Astrin_Nuf2-GFP_GFP_timelapse_06_R3D_D3D_Z2_C1_T13.tif,4452.964682312536,4500.465,1.0628449018717445,2.2123387447005767,0.4804168911373437,cdki,set3_timelapse_cdki_cell_4,Expt2020_017_setIII_STLC_GM132_RO3306_mKate2-Astrin_Nuf2-GFP_GFP_timelapse_06_R3D_D3D
1285,1285,53_10,49,14628.469387755102,Expt2020_017_setIII_STLC_GM132_RO3306_mKate2-Astrin_Nuf2-GFP_GFP_timelapse_06_R3D_D3D_Z2_C0_T13.tif,6456.075978979488,5057.8975,4889.367346938776,Expt2020_017_setIII_STLC_GM132_RO3306_mKate2-Astrin_Nuf2-GFP_GFP_timelapse_06_R3D_D3D_Z2_C1_T13.tif,4452.964682312536,4500.465,1.0980027230756308,2.2658452960256863,0.48458856613094364,cdki,set3_timelapse_cdki_cell_4,Expt2020_017_setIII_STLC_GM132_RO3306_mKate2-Astrin_Nuf2-GFP_GFP_timelapse_06_R3D_D3D
1286,1286,53_11,38,15796.631578947368,Expt2020_017_setIII_STLC_GM132_RO3306_mKate2-Astrin_Nuf2-GFP_GFP_timelapse_06_R3D_D3D_Z2_C0_T13.tif,6456.075978979488,5057.8975,5278.9473684210525,Expt2020_017_setIII_STLC_GM132_RO3306_mKate2-Astrin_Nuf2-GFP_GFP_timelapse_06_R3D_D3D_Z2_C1_T13.tif,4452.964682312536,4500.465,1.1854905091408816,2.446785265597872,0.48450941969000577,cdki,set3_timelapse_cdki_cell_4,Expt2020_017_setIII_STLC_GM132_RO3306_mKate2-Astrin_Nuf2-GFP_GFP_timelapse_06_R3D_D3D
1287,1287,53_12,30,14205.6,Expt2020_017_setIII_STLC_GM132_RO3306_mKate2-Astrin_Nuf2-GFP_GFP_timelapse_06_R3D_D3D_Z2_C0_T13.tif,6456.075978979488,5057.8975,6044.866666666668,Expt2020_017_setIII_STLC_GM132_RO3306_mKate2-Astrin_Nuf2-GFP_GFP_timelapse_06_R3D_D3D_Z2_C1_T13.tif,4452.964682312536,4500.465,1.357492614005512,2.2003458519156833,0.6169451101624049,cdki,set3_timelapse_cdki_cell_4,Expt2020_017_setIII_STLC_GM132_RO3306_mKate2-Astrin_Nuf2-GFP_GFP_timelapse_06_R3D_D3D
1288,1288,53_13,21,12972.428571428569,Expt2020_017_setIII_STLC_GM132_RO3306_mKate2-Astrin_Nuf2-GFP_GFP_timelapse_06_R3D_D3D_Z2_C0_T13.tif,6456.075978979488,5057.8975,5501.285714285716,Expt2020_017_setIII_STLC_GM132_RO3306_mKate2-Astrin_Nuf2-GFP_GFP_timelapse_06_R3D_D3D_Z2_C1_T13.tif,4452.964682312536,4500.465,1.2354209176949413,2.0093364163720886,0.6148402565288332,cdki,set3_timelapse_cdki_cell_4,Expt2020_017_setIII_STLC_GM132_RO3306_mKate2-Astrin_Nuf2-GFP_GFP_timelapse_06_R3D_D3D
1289,1289,53_14,50,16625.24,Expt2020_017_setIII_STLC_GM132_RO3306_mKate2-Astrin_Nuf2-GFP_GFP_timelapse_06_R3D_D3D_Z2_C0_T13.tif,6456.075978979488,5057.8975,4931.64,Expt2020_017_setIII_STLC_GM132_RO3306_mKate2-Astrin_Nuf2-GFP_GFP_timelapse_06_R3D_D3D_Z2_C1_T13.tif,4452.964682312536,4500.465,1.1074958711414877,2.575130784416195,0.4300736404704847,cdki,set3_timelapse_cdki_cell_4,Expt2020_017_setIII_STLC_GM132_RO3306_mKate2-Astrin_Nuf2-GFP_GFP_timelapse_06_R3D_D3D
1290,1290,53_15,67,13547.298507462689,Expt2020_017_setIII_STLC_GM132_RO3306_mKate2-Astrin_Nuf2-GFP_GFP_timelapse_06_R3D_D3D_Z2_C0_T13.tif,6456.075978979488,5057.8975,4762.611940298509,Expt2020_017_setIII_STLC_GM132_RO3306_mKate2-Astrin_Nuf2-GFP_GFP_timelapse_06_R3D_D3D_Z2_C1_T13.tif,4452.964682312536,4500.465,1.0695373262707228,2.0983796584135166,0.5096967662559921,cdki,set3_timelapse_cdki_cell_4,Expt2020_017_setIII_STLC_GM132_RO3306_mKate2-Astrin_Nuf2-GFP_GFP_timelapse_06_R3D_D3D
1291,1291,53_16,20,13548.15,Expt2020_017_setIII_STLC_GM132_RO3306_mKate2-Astrin_Nuf2-GFP_GFP_timelapse_06_R3D_D3D_Z2_C0_T13.tif,6456.075978979488,5057.8975,4977.15,Expt2020_017_setIII_STLC_GM132_RO3306_mKate2-Astrin_Nuf2-GFP_GFP_timelapse_06_R3D_D3D_Z2_C1_T13.tif,4452.964682312536,4500.465,1.117716028552744,2.098511548518293,0.5326232440045116,cdki,set3_timelapse_cdki_cell_4,Expt2020_017_setIII_STLC_GM132_RO3306_mKate2-Astrin_Nuf2-GFP_GFP_timelapse_06_R3D_D3D
1292,1292,53_17,19,13469.421052631576,Expt2020_017_setIII_STLC_GM132_RO3306_mKate2-Astrin_Nuf2-GFP_GFP_timelapse_06_R3D_D3D_Z2_C0_T13.tif,6456.075978979488,5057.8975,6207.105263157896,Expt2020_017_setIII_STLC_GM132_RO3306_mKate2-Astrin_Nuf2-GFP_GFP_timelapse_06_R3D_D3D_Z2_C1_T13.tif,4452.964682312536,4500.465,1.3939264525975066,2.0863169975829012,0.6681278320659984,cdki,set3_timelapse_cdki_cell_4,Expt2020_017_setIII_STLC_GM132_RO3306_mKate2-Astrin_Nuf2-GFP_GFP_timelapse_06_R3D_D3D
1293,1293,53_18,30,16055.333333333336,Expt2020_017_setIII_STLC_GM132_RO3306_mKate2-Astrin_Nuf2-GFP_GFP_timelapse_06_R3D_D3D_Z2_C0_T13.tif,6456.075978979488,5057.8975,5990.366666666668,Expt2020_017_setIII_STLC_GM132_RO3306_mKate2-Astrin_Nuf2-GFP_GFP_timelapse_06_R3D_D3D_Z2_C1_T13.tif,4452.964682312536,4500.465,1.3452535768946905,2.486856317306105,0.5409454368284295,cdki,set3_timelapse_cdki_cell_4,Expt2020_017_setIII_STLC_GM132_RO3306_mKate2-Astrin_Nuf2-GFP_GFP_timelapse_06_R3D_D3D
1294,1294,53_19,21,12967.142857142857,Expt2020_017_setIII_STLC_GM132_RO3306_mKate2-Astrin_Nuf2-GFP_GFP_timelapse_06_R3D_D3D_Z2_C0_T13.tif,6456.075978979488,5057.8975,4135.619047619048,Expt2020_017_setIII_STLC_GM132_RO3306_mKate2-Astrin_Nuf2-GFP_GFP_timelapse_06_R3D_D3D_Z2_C1_T13.tif,4452.964682312536,4500.465,0.9287338532115457,2.008517697028803,0.4623976450819528,cdki,set3_timelapse_cdki_cell_4,Expt2020_017_setIII_STLC_GM132_RO3306_mKate2-Astrin_Nuf2-GFP_GFP_timelapse_06_R3D_D3D
1295,1295,53_20,38,15182.368421052632,Expt2020_017_setIII_STLC_GM132_RO3306_mKate2-Astrin_Nuf2-GFP_GFP_timelapse_06_R3D_D3D_Z2_C0_T13.tif,6456.075978979488,5057.8975,5699.605263157896,Expt2020_017_setIII_STLC_GM132_RO3306_mKate2-Astrin_Nuf2-GFP_GFP_timelapse_06_R3D_D3D_Z2_C1_T13.tif,4452.964682312536,4500.465,1.279957437299491,2.351640295201809,0.5442828309716686,cdki,set3_timelapse_cdki_cell_4,Expt2020_017_setIII_STLC_GM132_RO3306_mKate2-Astrin_Nuf2-GFP_GFP_timelapse_06_R3D_D3D
1296,1296,53_21,12,14851.75,Expt2020_017_setIII_STLC_GM132_RO3306_mKate2-Astrin_Nuf2-GFP_GFP_timelapse_06_R3D_D3D_Z2_C0_T13.tif,6456.075978979488,5057.8975,5262.25,Expt2020_017_setIII_STLC_GM132_RO3306_mKate2-Astrin_Nuf2-GFP_GFP_timelapse_06_R3D_D3D_Z2_C1_T13.tif,4452.964682312536,4500.465,1.1817407896590777,2.300429866122427,0.5137043328562778,cdki,set3_timelapse_cdki_cell_4,Expt2020_017_setIII_STLC_GM132_RO3306_mKate2-Astrin_Nuf2-GFP_GFP_timelapse_06_R3D_D3D
1297,1297,53_22,138,14968.601449275362,Expt2020_017_setIII_STLC_GM132_RO3306_mKate2-Astrin_Nuf2-GFP_GFP_timelapse_06_R3D_D3D_Z2_C0_T13.tif,6456.075978979488,5057.8975,5058.492753623188,Expt2020_017_setIII_STLC_GM132_RO3306_mKate2-Astrin_Nuf2-GFP_GFP_timelapse_06_R3D_D3D_Z2_C1_T13.tif,4452.964682312536,4500.465,1.135983129108535,2.3185293199788903,0.48995849192835644,cdki,set3_timelapse_cdki_cell_4,Expt2020_017_setIII_STLC_GM132_RO3306_mKate2-Astrin_Nuf2-GFP_GFP_timelapse_06_R3D_D3D
1298,1298,53_23,36,14357.472222222224,Expt2020_017_setIII_STLC_GM132_RO3306_mKate2-Astrin_Nuf2-GFP_GFP_timelapse_06_R3D_D3D_Z2_C0_T13.tif,6456.075978979488,5057.8975,5368.277777777777,Expt2020_017_setIII_STLC_GM132_RO3306_mKate2-Astrin_Nuf2-GFP_GFP_timelapse_06_R3D_D3D_Z2_C1_T13.tif,4452.964682312536,4500.465,1.2055513934572453,2.223869773058605,0.5420962180708933,cdki,set3_timelapse_cdki_cell_4,Expt2020_017_setIII_STLC_GM132_RO3306_mKate2-Astrin_Nuf2-GFP_GFP_timelapse_06_R3D_D3D
1301,1301,54_1,23,16061.478260869566,Expt2020_017_setIII_STLC_GM132_RO3306_mKate2-Astrin_Nuf2-GFP_GFP_timelapse_06_R3D_D3D_Z2_C0_T14.tif,6587.3385776413415,5057.2375,5218.739130434783,Expt2020_017_setIII_STLC_GM132_RO3306_mKate2-Astrin_Nuf2-GFP_GFP_timelapse_06_R3D_D3D_Z2_C1_T14.tif,4380.6553460011355,4439.2425,1.1913147048189237,2.438234815405606,0.4885972004385253,cdki,set3_timelapse_cdki_cell_4,Expt2020_017_setIII_STLC_GM132_RO3306_mKate2-Astrin_Nuf2-GFP_GFP_timelapse_06_R3D_D3D
1302,1302,54_2,16,16508.8125,Expt2020_017_setIII_STLC_GM132_RO3306_mKate2-Astrin_Nuf2-GFP_GFP_timelapse_06_R3D_D3D_Z2_C0_T14.tif,6587.3385776413415,5057.2375,4605.1875,Expt2020_017_setIII_STLC_GM132_RO3306_mKate2-Astrin_Nuf2-GFP_GFP_timelapse_06_R3D_D3D_Z2_C1_T14.tif,4380.6553460011355,4439.2425,1.0512553799065312,2.506143005315378,0.4194714258830729,cdki,set3_timelapse_cdki_cell_4,Expt2020_017_setIII_STLC_GM132_RO3306_mKate2-Astrin_Nuf2-GFP_GFP_timelapse_06_R3D_D3D
1303,1303,54_3,26,18629.30769230769,Expt2020_017_setIII_STLC_GM132_RO3306_mKate2-Astrin_Nuf2-GFP_GFP_timelapse_06_R3D_D3D_Z2_C0_T14.tif,6587.3385776413415,5057.2375,4155.653846153846,Expt2020_017_setIII_STLC_GM132_RO3306_mKate2-Astrin_Nuf2-GFP_GFP_timelapse_06_R3D_D3D_Z2_C1_T14.tif,4380.6553460011355,4439.2425,0.9486374795376948,2.828047696764676,0.3354389958213748,cdki,set3_timelapse_cdki_cell_4,Expt2020_017_setIII_STLC_GM132_RO3306_mKate2-Astrin_Nuf2-GFP_GFP_timelapse_06_R3D_D3D
1304,1304,54_4,32,18369.5625,Expt2020_017_setIII_STLC_GM132_RO3306_mKate2-Astrin_Nuf2-GFP_GFP_timelapse_06_R3D_D3D_Z2_C0_T14.tif,6587.3385776413415,5057.2375,5465.375,Expt2020_017_setIII_STLC_GM132_RO3306_mKate2-Astrin_Nuf2-GFP_GFP_timelapse_06_R3D_D3D_Z2_C1_T14.tif,4380.6553460011355,4439.2425,1.2476158401708197,2.7886167203170227,0.447395954804784,cdki,set3_timelapse_cdki_cell_4,Expt2020_017_setIII_STLC_GM132_RO3306_mKate2-Astrin_Nuf2-GFP_GFP_timelapse_06_R3D_D3D
1305,1305,54_5,41,19034.439024390245,Expt2020_017_setIII_STLC_GM132_RO3306_mKate2-Astrin_Nuf2-GFP_GFP_timelapse_06_R3D_D3D_Z2_C0_T14.tif,6587.3385776413415,5057.2375,5932.073170731706,Expt2020_017_setIII_STLC_GM132_RO3306_mKate2-Astrin_Nuf2-GFP_GFP_timelapse_06_R3D_D3D_Z2_C1_T14.tif,4380.6553460011355,4439.2425,1.3541519937528927,2.8895492162793466,0.46863780209168115,cdki,set3_timelapse_cdki_cell_4,Expt2020_017_setIII_STLC_GM132_RO3306_mKate2-Astrin_Nuf2-GFP_GFP_timelapse_06_R3D_D3D
1307,1307,54_7,26,19551.57692307692,Expt2020_017_setIII_STLC_GM132_RO3306_mKate2-Astrin_Nuf2-GFP_GFP_timelapse_06_R3D_D3D_Z2_C0_T14.tif,6587.3385776413415,5057.2375,4677.076923076923,Expt2020_017_setIII_STLC_GM132_RO3306_mKate2-Astrin_Nuf2-GFP_GFP_timelapse_06_R3D_D3D_Z2_C1_T14.tif,4380.6553460011355,4439.2425,1.0676660347969111,2.9680540468101375,0.35971920253418765,cdki,set3_timelapse_cdki_cell_4,Expt2020_017_setIII_STLC_GM132_RO3306_mKate2-Astrin_Nuf2-GFP_GFP_timelapse_06_R3D_D3D
1308,1308,54_8,8,17874.0,Expt2020_017_setIII_STLC_GM132_RO3306_mKate2-Astrin_Nuf2-GFP_GFP_timelapse_06_R3D_D3D_Z2_C0_T14.tif,6587.3385776413415,5057.2375,5222.25,Expt2020_017_setIII_STLC_GM132_RO3306_mKate2-Astrin_Nuf2-GFP_GFP_timelapse_06_R3D_D3D_Z2_C1_T14.tif,4380.6553460011355,4439.2425,1.1921161532981843,2.713387172881579,0.43934612988981364,cdki,set3_timelapse_cdki_cell_4,Expt2020_017_setIII_STLC_GM132_RO3306_mKate2-Astrin_Nuf2-GFP_GFP_timelapse_06_R3D_D3D
1309,1309,54_9,26,19220.653846153848,Expt2020_017_setIII_STLC_GM132_RO3306_mKate2-Astrin_Nuf2-GFP_GFP_timelapse_06_R3D_D3D_Z2_C0_T14.tif,6587.3385776413415,5057.2375,5779.576923076923,Expt2020_017_setIII_STLC_GM132_RO3306_mKate2-Astrin_Nuf2-GFP_GFP_timelapse_06_R3D_D3D_Z2_C1_T14.tif,4380.6553460011355,4439.2425,1.3193407074018704,2.917817813614794,0.4521669246262432,cdki,set3_timelapse_cdki_cell_4,Expt2020_017_setIII_STLC_GM132_RO3306_mKate2-Astrin_Nuf2-GFP_GFP_timelapse_06_R3D_D3D
1310,1310,54_10,30,18423.866666666665,Expt2020_017_setIII_STLC_GM132_RO3306_mKate2-Astrin_Nuf2-GFP_GFP_timelapse_06_R3D_D3D_Z2_C0_T14.tif,6587.3385776413415,5057.2375,6192.833333333332,Expt2020_017_setIII_STLC_GM132_RO3306_mKate2-Astrin_Nuf2-GFP_GFP_timelapse_06_R3D_D3D_Z2_C1_T14.tif,4380.6553460011355,4439.2425,1.4136773711235777,2.796860439085477,0.5054515239186639,cdki,set3_timelapse_cdki_cell_4,Expt2020_017_setIII_STLC_GM132_RO3306_mKate2-Astrin_Nuf2-GFP_GFP_timelapse_06_R3D_D3D
1311,1311,54_11,16,18852.625,Expt2020_017_setIII_STLC_GM132_RO3306_mKate2-Astrin_Nuf2-GFP_GFP_timelapse_06_R3D_D3D_Z2_C0_T14.tif,6587.3385776413415,5057.2375,5850.5625,Expt2020_017_setIII_STLC_GM132_RO3306_mKate2-Astrin_Nuf2-GFP_GFP_timelapse_06_R3D_D3D_Z2_C1_T14.tif,4380.6553460011355,4439.2425,1.3355450355939698,2.861948688046692,0.46665582830749225,cdki,set3_timelapse_cdki_cell_4,Expt2020_017_setIII_STLC_GM132_RO3306_mKate2-Astrin_Nuf2-GFP_GFP_timelapse_06_R3D_D3D
1312,1312,54_12,16,16675.125,Expt2020_017_setIII_STLC_GM132_RO3306_mKate2-Astrin_Nuf2-GFP_GFP_timelapse_06_R3D_D3D_Z2_C0_T14.tif,6587.3385776413415,5057.2375,4197.875,Expt2020_017_setIII_STLC_GM132_RO3306_mKate2-Astrin_Nuf2-GFP_GFP_timelapse_06_R3D_D3D_Z2_C1_T14.tif,4380.6553460011355,4439.2425,0.9582755703052545,2.5313903033007126,0.3785570202492071,cdki,set3_timelapse_cdki_cell_4,Expt2020_017_setIII_STLC_GM132_RO3306_mKate2-Astrin_Nuf2-GFP_GFP_timelapse_06_R3D_D3D
1313,1313,54_13,21,17377.95238095238,Expt2020_017_setIII_STLC_GM132_RO3306_mKate2-Astrin_Nuf2-GFP_GFP_timelapse_06_R3D_D3D_Z2_C0_T14.tif,6587.3385776413415,5057.2375,5086.0,Expt2020_017_setIII_STLC_GM132_RO3306_mKate2-Astrin_Nuf2-GFP_GFP_timelapse_06_R3D_D3D_Z2_C1_T14.tif,4380.6553460011355,4439.2425,1.1610135010148048,2.6380839812813632,0.4400972483259917,cdki,set3_timelapse_cdki_cell_4,Expt2020_017_setIII_STLC_GM132_RO3306_mKate2-Astrin_Nuf2-GFP_GFP_timelapse_06_R3D_D3D
1314,1314,54_14,21,19135.380952380958,Expt2020_017_setIII_STLC_GM132_RO3306_mKate2-Astrin_Nuf2-GFP_GFP_timelapse_06_R3D_D3D_Z2_C0_T14.tif,6587.3385776413415,5057.2375,5765.047619047618,Expt2020_017_setIII_STLC_GM132_RO3306_mKate2-Astrin_Nuf2-GFP_GFP_timelapse_06_R3D_D3D_Z2_C1_T14.tif,4380.6553460011355,4439.2425,1.3160240109531145,2.9048728446007037,0.4530401437017157,cdki,set3_timelapse_cdki_cell_4,Expt2020_017_setIII_STLC_GM132_RO3306_mKate2-Astrin_Nuf2-GFP_GFP_timelapse_06_R3D_D3D
1315,1315,54_15,26,17602.30769230769,Expt2020_017_setIII_STLC_GM132_RO3306_mKate2-Astrin_Nuf2-GFP_GFP_timelapse_06_R3D_D3D_Z2_C0_T14.tif,6587.3385776413415,5057.2375,6035.73076923077,Expt2020_017_setIII_STLC_GM132_RO3306_mKate2-Astrin_Nuf2-GFP_GFP_timelapse_06_R3D_D3D_Z2_C1_T14.tif,4380.6553460011355,4439.2425,1.3778145716805739,2.672142548138214,0.5156216582234923,cdki,set3_timelapse_cdki_cell_4,Expt2020_017_setIII_STLC_GM132_RO3306_mKate2-Astrin_Nuf2-GFP_GFP_timelapse_06_R3D_D3D
1316,1316,54_16,21,16325.190476190475,Expt2020_017_setIII_STLC_GM132_RO3306_mKate2-Astrin_Nuf2-GFP_GFP_timelapse_06_R3D_D3D_Z2_C0_T14.tif,6587.3385776413415,5057.2375,3680.333333333334,Expt2020_017_setIII_STLC_GM132_RO3306_mKate2-Astrin_Nuf2-GFP_GFP_timelapse_06_R3D_D3D_Z2_C1_T14.tif,4380.6553460011355,4439.2425,0.840133049200712,2.4782680112422373,0.33900007803417254,cdki,set3_timelapse_cdki_cell_4,Expt2020_017_setIII_STLC_GM132_RO3306_mKate2-Astrin_Nuf2-GFP_GFP_timelapse_06_R3D_D3D
1317,1317,54_17,26,18642.07692307692,Expt2020_017_setIII_STLC_GM132_RO3306_mKate2-Astrin_Nuf2-GFP_GFP_timelapse_06_R3D_D3D_Z2_C0_T14.tif,6587.3385776413415,5057.2375,6316.8076923076915,Expt2020_017_setIII_STLC_GM132_RO3306_mKate2-Astrin_Nuf2-GFP_GFP_timelapse_06_R3D_D3D_Z2_C1_T14.tif,4380.6553460011355,4439.2425,1.4419777849161235,2.829986147417959,0.5095352803163946,cdki,set3_timelapse_cdki_cell_4,Expt2020_017_setIII_STLC_GM132_RO3306_mKate2-Astrin_Nuf2-GFP_GFP_timelapse_06_R3D_D3D
1318,1318,54_18,40,17931.45,Expt2020_017_setIII_STLC_GM132_RO3306_mKate2-Astrin_Nuf2-GFP_GFP_timelapse_06_R3D_D3D_Z2_C0_T14.tif,6587.3385776413415,5057.2375,5842.075,Expt2020_017_setIII_STLC_GM132_RO3306_mKate2-Astrin_Nuf2-GFP_GFP_timelapse_06_R3D_D3D_Z2_C1_T14.tif,4380.6553460011355,4439.2425,1.3336075400985188,2.72210844920932,0.48991712306167906,cdki,set3_timelapse_cdki_cell_4,Expt2020_017_setIII_STLC_GM132_RO3306_mKate2-Astrin_Nuf2-GFP_GFP_timelapse_06_R3D_D3D
1319,1319,54_19,43,16407.720930232557,Expt2020_017_setIII_STLC_GM132_RO3306_mKate2-Astrin_Nuf2-GFP_GFP_timelapse_06_R3D_D3D_Z2_C0_T14.tif,6587.3385776413415,5057.2375,5096.116279069767,Expt2020_017_setIII_STLC_GM132_RO3306_mKate2-Astrin_Nuf2-GFP_GFP_timelapse_06_R3D_D3D_Z2_C1_T14.tif,4380.6553460011355,4439.2425,1.1633228082464278,2.490796660418128,0.467048485624331,cdki,set3_timelapse_cdki_cell_4,Expt2020_017_setIII_STLC_GM132_RO3306_mKate2-Astrin_Nuf2-GFP_GFP_timelapse_06_R3D_D3D
1320,1320,54_20,21,18959.380952380958,Expt2020_017_setIII_STLC_GM132_RO3306_mKate2-Astrin_Nuf2-GFP_GFP_timelapse_06_R3D_D3D_Z2_C0_T14.tif,6587.3385776413415,5057.2375,5668.380952380952,Expt2020_017_setIII_STLC_GM132_RO3306_mKate2-Astrin_Nuf2-GFP_GFP_timelapse_06_R3D_D3D_Z2_C1_T14.tif,4380.6553460011355,4439.2425,1.293957297406497,2.878154922343394,0.4495787517764877,cdki,set3_timelapse_cdki_cell_4,Expt2020_017_setIII_STLC_GM132_RO3306_mKate2-Astrin_Nuf2-GFP_GFP_timelapse_06_R3D_D3D
1321,1321,54_21,26,17148.346153846152,Expt2020_017_setIII_STLC_GM132_RO3306_mKate2-Astrin_Nuf2-GFP_GFP_timelapse_06_R3D_D3D_Z2_C0_T14.tif,6587.3385776413415,5057.2375,4478.153846153846,Expt2020_017_setIII_STLC_GM132_RO3306_mKate2-Astrin_Nuf2-GFP_GFP_timelapse_06_R3D_D3D_Z2_C1_T14.tif,4380.6553460011355,4439.2425,1.0222566014561523,2.603228291931258,0.39268803455488355,cdki,set3_timelapse_cdki_cell_4,Expt2020_017_setIII_STLC_GM132_RO3306_mKate2-Astrin_Nuf2-GFP_GFP_timelapse_06_R3D_D3D
1324,1324,55_1,12,13062.333333333336,Expt2020_017_setIII_STLC_GM132_RO3306_mKate2-Astrin_Nuf2-GFP_GFP_timelapse_06_R3D_D3D_Z2_C0_T15.tif,6407.0015137632945,5124.485,4900.333333333333,Expt2020_017_setIII_STLC_GM132_RO3306_mKate2-Astrin_Nuf2-GFP_GFP_timelapse_06_R3D_D3D_Z2_C1_T15.tif,4340.004353626852,4357.4,1.129107930326896,2.03875920823076,0.5538211308959524,cdki,set3_timelapse_cdki_cell_4,Expt2020_017_setIII_STLC_GM132_RO3306_mKate2-Astrin_Nuf2-GFP_GFP_timelapse_06_R3D_D3D
1325,1325,55_2,16,13712.5,Expt2020_017_setIII_STLC_GM132_RO3306_mKate2-Astrin_Nuf2-GFP_GFP_timelapse_06_R3D_D3D_Z2_C0_T15.tif,6407.0015137632945,5124.485,5105.625,Expt2020_017_setIII_STLC_GM132_RO3306_mKate2-Astrin_Nuf2-GFP_GFP_timelapse_06_R3D_D3D_Z2_C1_T15.tif,4340.004353626852,4357.4,1.1764101102187454,2.1402367348506615,0.5496635447203607,cdki,set3_timelapse_cdki_cell_4,Expt2020_017_setIII_STLC_GM132_RO3306_mKate2-Astrin_Nuf2-GFP_GFP_timelapse_06_R3D_D3D
1326,1326,55_3,38,14642.631578947368,Expt2020_017_setIII_STLC_GM132_RO3306_mKate2-Astrin_Nuf2-GFP_GFP_timelapse_06_R3D_D3D_Z2_C0_T15.tif,6407.0015137632945,5124.485,4393.605263157895,Expt2020_017_setIII_STLC_GM132_RO3306_mKate2-Astrin_Nuf2-GFP_GFP_timelapse_06_R3D_D3D_Z2_C1_T15.tif,4340.004353626852,4357.4,1.0123504275949053,2.285410975398177,0.44296209237313566,cdki,set3_timelapse_cdki_cell_4,Expt2020_017_setIII_STLC_GM132_RO3306_mKate2-Astrin_Nuf2-GFP_GFP_timelapse_06_R3D_D3D
1327,1327,55_4,36,15818.0,Expt2020_017_setIII_STLC_GM132_RO3306_mKate2-Astrin_Nuf2-GFP_GFP_timelapse_06_R3D_D3D_Z2_C0_T15.tif,6407.0015137632945,5124.485,5172.055555555556,Expt2020_017_setIII_STLC_GM132_RO3306_mKate2-Astrin_Nuf2-GFP_GFP_timelapse_06_R3D_D3D_Z2_C1_T15.tif,4340.004353626852,4357.4,1.191716674485217,2.4688615986776856,0.4826988580986057,cdki,set3_timelapse_cdki_cell_4,Expt2020_017_setIII_STLC_GM132_RO3306_mKate2-Astrin_Nuf2-GFP_GFP_timelapse_06_R3D_D3D
1328,1328,55_5,60,16048.216666666667,Expt2020_017_setIII_STLC_GM132_RO3306_mKate2-Astrin_Nuf2-GFP_GFP_timelapse_06_R3D_D3D_Z2_C0_T15.tif,6407.0015137632945,5124.485,5576.916666666668,Expt2020_017_setIII_STLC_GM132_RO3306_mKate2-Astrin_Nuf2-GFP_GFP_timelapse_06_R3D_D3D_Z2_C1_T15.tif,4340.004353626852,4357.4,1.2850025512085381,2.504793643671295,0.513017331569518,cdki,set3_timelapse_cdki_cell_4,Expt2020_017_setIII_STLC_GM132_RO3306_mKate2-Astrin_Nuf2-GFP_GFP_timelapse_06_R3D_D3D
1329,1329,55_6,60,15592.016666666665,Expt2020_017_setIII_STLC_GM132_RO3306_mKate2-Astrin_Nuf2-GFP_GFP_timelapse_06_R3D_D3D_Z2_C0_T15.tif,6407.0015137632945,5124.485,4583.616666666667,Expt2020_017_setIII_STLC_GM132_RO3306_mKate2-Astrin_Nuf2-GFP_GFP_timelapse_06_R3D_D3D_Z2_C1_T15.tif,4340.004353626852,4357.4,1.0561318130559554,2.433590289181678,0.43398094484141436,cdki,set3_timelapse_cdki_cell_4,Expt2020_017_setIII_STLC_GM132_RO3306_mKate2-Astrin_Nuf2-GFP_GFP_timelapse_06_R3D_D3D
1331,1331,55_8,36,15037.972222222224,Expt2020_017_setIII_STLC_GM132_RO3306_mKate2-Astrin_Nuf2-GFP_GFP_timelapse_06_R3D_D3D_Z2_C0_T15.tif,6407.0015137632945,5124.485,5088.916666666667,Expt2020_017_setIII_STLC_GM132_RO3306_mKate2-Astrin_Nuf2-GFP_GFP_timelapse_06_R3D_D3D_Z2_C1_T15.tif,4340.004353626852,4357.4,1.172560267690507,2.347115447049323,0.4995750290700832,cdki,set3_timelapse_cdki_cell_4,Expt2020_017_setIII_STLC_GM132_RO3306_mKate2-Astrin_Nuf2-GFP_GFP_timelapse_06_R3D_D3D
1332,1332,55_9,43,15223.93023255814,Expt2020_017_setIII_STLC_GM132_RO3306_mKate2-Astrin_Nuf2-GFP_GFP_timelapse_06_R3D_D3D_Z2_C0_T15.tif,6407.0015137632945,5124.485,5242.232558139535,Expt2020_017_setIII_STLC_GM132_RO3306_mKate2-Astrin_Nuf2-GFP_GFP_timelapse_06_R3D_D3D_Z2_C1_T15.tif,4340.004353626852,4357.4,1.2078864745282363,2.376139634094768,0.5083398539364046,cdki,set3_timelapse_cdki_cell_4,Expt2020_017_setIII_STLC_GM132_RO3306_mKate2-Astrin_Nuf2-GFP_GFP_timelapse_06_R3D_D3D
1333,1333,55_10,49,15770.714285714286,Expt2020_017_setIII_STLC_GM132_RO3306_mKate2-Astrin_Nuf2-GFP_GFP_timelapse_06_R3D_D3D_Z2_C0_T15.tif,6407.0015137632945,5124.485,5093.530612244898,Expt2020_017_setIII_STLC_GM132_RO3306_mKate2-Astrin_Nuf2-GFP_GFP_timelapse_06_R3D_D3D_Z2_C1_T15.tif,4340.004353626852,4357.4,1.1736233877250237,2.46148127978996,0.4767955772652351,cdki,set3_timelapse_cdki_cell_4,Expt2020_017_setIII_STLC_GM132_RO3306_mKate2-Astrin_Nuf2-GFP_GFP_timelapse_06_R3D_D3D
1334,1334,55_11,45,15514.577777777778,Expt2020_017_setIII_STLC_GM132_RO3306_mKate2-Astrin_Nuf2-GFP_GFP_timelapse_06_R3D_D3D_Z2_C0_T15.tif,6407.0015137632945,5124.485,5494.88888888889,Expt2020_017_setIII_STLC_GM132_RO3306_mKate2-Astrin_Nuf2-GFP_GFP_timelapse_06_R3D_D3D_Z2_C1_T15.tif,4340.004353626852,4357.4,1.2661021605420566,2.421503685374494,0.5228578292856282,cdki,set3_timelapse_cdki_cell_4,Expt2020_017_setIII_STLC_GM132_RO3306_mKate2-Astrin_Nuf2-GFP_GFP_timelapse_06_R3D_D3D
1335,1335,55_12,33,13892.272727272728,Expt2020_017_setIII_STLC_GM132_RO3306_mKate2-Astrin_Nuf2-GFP_GFP_timelapse_06_R3D_D3D_Z2_C0_T15.tif,6407.0015137632945,5124.485,4374.484848484848,Expt2020_017_setIII_STLC_GM132_RO3306_mKate2-Astrin_Nuf2-GFP_GFP_timelapse_06_R3D_D3D_Z2_C1_T15.tif,4340.004353626852,4357.4,1.0079448065136574,2.1682955275458946,0.4648558250980034,cdki,set3_timelapse_cdki_cell_4,Expt2020_017_setIII_STLC_GM132_RO3306_mKate2-Astrin_Nuf2-GFP_GFP_timelapse_06_R3D_D3D
1336,1336,55_13,29,14355.137931034482,Expt2020_017_setIII_STLC_GM132_RO3306_mKate2-Astrin_Nuf2-GFP_GFP_timelapse_06_R3D_D3D_Z2_C0_T15.tif,6407.0015137632945,5124.485,4606.0,Expt2020_017_setIII_STLC_GM132_RO3306_mKate2-Astrin_Nuf2-GFP_GFP_timelapse_06_R3D_D3D_Z2_C1_T15.tif,4340.004353626852,4357.4,1.0612892579591218,2.2405391820490883,0.4736758305599093,cdki,set3_timelapse_cdki_cell_4,Expt2020_017_setIII_STLC_GM132_RO3306_mKate2-Astrin_Nuf2-GFP_GFP_timelapse_06_R3D_D3D
1337,1337,55_14,39,15583.692307692307,Expt2020_017_setIII_STLC_GM132_RO3306_mKate2-Astrin_Nuf2-GFP_GFP_timelapse_06_R3D_D3D_Z2_C0_T15.tif,6407.0015137632945,5124.485,5945.512820512819,Expt2020_017_setIII_STLC_GM132_RO3306_mKate2-Astrin_Nuf2-GFP_GFP_timelapse_06_R3D_D3D_Z2_C1_T15.tif,4340.004353626852,4357.4,1.3699324553774415,2.432291029464558,0.5632271955872883,cdki,set3_timelapse_cdki_cell_4,Expt2020_017_setIII_STLC_GM132_RO3306_mKate2-Astrin_Nuf2-GFP_GFP_timelapse_06_R3D_D3D
1338,1338,55_15,57,14241.719298245613,Expt2020_017_setIII_STLC_GM132_RO3306_mKate2-Astrin_Nuf2-GFP_GFP_timelapse_06_R3D_D3D_Z2_C0_T15.tif,6407.0015137632945,5124.485,4339.140350877193,Expt2020_017_setIII_STLC_GM132_RO3306_mKate2-Astrin_Nuf2-GFP_GFP_timelapse_06_R3D_D3D_Z2_C1_T15.tif,4340.004353626852,4357.4,0.999800921225128,2.222836886748357,0.44978600417580417,cdki,set3_timelapse_cdki_cell_4,Expt2020_017_setIII_STLC_GM132_RO3306_mKate2-Astrin_Nuf2-GFP_GFP_timelapse_06_R3D_D3D
1339,1339,55_16,42,15136.642857142857,Expt2020_017_setIII_STLC_GM132_RO3306_mKate2-Astrin_Nuf2-GFP_GFP_timelapse_06_R3D_D3D_Z2_C0_T15.tif,6407.0015137632945,5124.485,5025.190476190476,Expt2020_017_setIII_STLC_GM132_RO3306_mKate2-Astrin_Nuf2-GFP_GFP_timelapse_06_R3D_D3D_Z2_C1_T15.tif,4340.004353626852,4357.4,1.1578768283932774,2.362515885883101,0.49010329848447426,cdki,set3_timelapse_cdki_cell_4,Expt2020_017_setIII_STLC_GM132_RO3306_mKate2-Astrin_Nuf2-GFP_GFP_timelapse_06_R3D_D3D
1340,1340,55_17,41,17202.219512195126,Expt2020_017_setIII_STLC_GM132_RO3306_mKate2-Astrin_Nuf2-GFP_GFP_timelapse_06_R3D_D3D_Z2_C0_T15.tif,6407.0015137632945,5124.485,5475.853658536586,Expt2020_017_setIII_STLC_GM132_RO3306_mKate2-Astrin_Nuf2-GFP_GFP_timelapse_06_R3D_D3D_Z2_C1_T15.tif,4340.004353626852,4357.4,1.261716167164793,2.6849095439172173,0.4699287430458383,cdki,set3_timelapse_cdki_cell_4,Expt2020_017_setIII_STLC_GM132_RO3306_mKate2-Astrin_Nuf2-GFP_GFP_timelapse_06_R3D_D3D
1341,1341,55_18,69,15373.449275362316,Expt2020_017_setIII_STLC_GM132_RO3306_mKate2-Astrin_Nuf2-GFP_GFP_timelapse_06_R3D_D3D_Z2_C0_T15.tif,6407.0015137632945,5124.485,4977.202898550725,Expt2020_017_setIII_STLC_GM132_RO3306_mKate2-Astrin_Nuf2-GFP_GFP_timelapse_06_R3D_D3D_Z2_C1_T15.tif,4340.004353626852,4357.4,1.146819793945916,2.3994764543659954,0.47794584183529143,cdki,set3_timelapse_cdki_cell_4,Expt2020_017_setIII_STLC_GM132_RO3306_mKate2-Astrin_Nuf2-GFP_GFP_timelapse_06_R3D_D3D
1342,1342,55_19,30,15918.266666666665,Expt2020_017_setIII_STLC_GM132_RO3306_mKate2-Astrin_Nuf2-GFP_GFP_timelapse_06_R3D_D3D_Z2_C0_T15.tif,6407.0015137632945,5124.485,5225.933333333333,Expt2020_017_setIII_STLC_GM132_RO3306_mKate2-Astrin_Nuf2-GFP_GFP_timelapse_06_R3D_D3D_Z2_C1_T15.tif,4340.004353626852,4357.4,1.204130896543025,2.484511144951598,0.4846550594026348,cdki,set3_timelapse_cdki_cell_4,Expt2020_017_setIII_STLC_GM132_RO3306_mKate2-Astrin_Nuf2-GFP_GFP_timelapse_06_R3D_D3D
1343,1343,55_20,32,14856.96875,Expt2020_017_setIII_STLC_GM132_RO3306_mKate2-Astrin_Nuf2-GFP_GFP_timelapse_06_R3D_D3D_Z2_C0_T15.tif,6407.0015137632945,5124.485,4860.09375,Expt2020_017_setIII_STLC_GM132_RO3306_mKate2-Astrin_Nuf2-GFP_GFP_timelapse_06_R3D_D3D_Z2_C1_T15.tif,4340.004353626852,4357.4,1.1198361462330146,2.3188645606037057,0.48292434377515797,cdki,set3_timelapse_cdki_cell_4,Expt2020_017_setIII_STLC_GM132_RO3306_mKate2-Astrin_Nuf2-GFP_GFP_timelapse_06_R3D_D3D
1346,1346,56_1,12,12176.333333333336,Expt2020_017_setIII_STLC_GM132_RO3306_mKate2-Astrin_Nuf2-GFP_GFP_timelapse_06_R3D_D3D_Z2_C0_T16.tif,6350.045769215554,5076.3925,3846.666666666666,Expt2020_017_setIII_STLC_GM132_RO3306_mKate2-Astrin_Nuf2-GFP_GFP_timelapse_06_R3D_D3D_Z2_C1_T16.tif,4288.165984896161,4401.9075,0.897042390666651,1.9175189874005467,0.467814085055143,cdki,set3_timelapse_cdki_cell_4,Expt2020_017_setIII_STLC_GM132_RO3306_mKate2-Astrin_Nuf2-GFP_GFP_timelapse_06_R3D_D3D
1347,1347,56_2,38,14268.578947368424,Expt2020_017_setIII_STLC_GM132_RO3306_mKate2-Astrin_Nuf2-GFP_GFP_timelapse_06_R3D_D3D_Z2_C0_T16.tif,6350.045769215554,5076.3925,3979.763157894737,Expt2020_017_setIII_STLC_GM132_RO3306_mKate2-Astrin_Nuf2-GFP_GFP_timelapse_06_R3D_D3D_Z2_C1_T16.tif,4288.165984896161,4401.9075,0.9280804828713057,2.2470041108272323,0.413030166878348,cdki,set3_timelapse_cdki_cell_4,Expt2020_017_setIII_STLC_GM132_RO3306_mKate2-Astrin_Nuf2-GFP_GFP_timelapse_06_R3D_D3D
1348,1348,56_3,50,12842.8,Expt2020_017_setIII_STLC_GM132_RO3306_mKate2-Astrin_Nuf2-GFP_GFP_timelapse_06_R3D_D3D_Z2_C0_T16.tif,6350.045769215554,5076.3925,4888.52,Expt2020_017_setIII_STLC_GM132_RO3306_mKate2-Astrin_Nuf2-GFP_GFP_timelapse_06_R3D_D3D_Z2_C1_T16.tif,4288.165984896161,4401.9075,1.1400025132465523,2.022473611491232,0.563667435149373,cdki,set3_timelapse_cdki_cell_4,Expt2020_017_setIII_STLC_GM132_RO3306_mKate2-Astrin_Nuf2-GFP_GFP_timelapse_06_R3D_D3D
1349,1349,56_4,70,14446.028571428571,Expt2020_017_setIII_STLC_GM132_RO3306_mKate2-Astrin_Nuf2-GFP_GFP_timelapse_06_R3D_D3D_Z2_C0_T16.tif,6350.045769215554,5076.3925,5135.742857142857,Expt2020_017_setIII_STLC_GM132_RO3306_mKate2-Astrin_Nuf2-GFP_GFP_timelapse_06_R3D_D3D_Z2_C1_T16.tif,4288.165984896161,4401.9075,1.1976548657939183,2.274948732096012,0.5264535630613818,cdki,set3_timelapse_cdki_cell_4,Expt2020_017_setIII_STLC_GM132_RO3306_mKate2-Astrin_Nuf2-GFP_GFP_timelapse_06_R3D_D3D
1350,1350,56_5,36,17984.222222222223,Expt2020_017_setIII_STLC_GM132_RO3306_mKate2-Astrin_Nuf2-GFP_GFP_timelapse_06_R3D_D3D_Z2_C0_T16.tif,6350.045769215554,5076.3925,5076.166666666667,Expt2020_017_setIII_STLC_GM132_RO3306_mKate2-Astrin_Nuf2-GFP_GFP_timelapse_06_R3D_D3D_Z2_C1_T16.tif,4288.165984896161,4401.9075,1.1837617024494884,2.832140566514985,0.4179742052514486,cdki,set3_timelapse_cdki_cell_4,Expt2020_017_setIII_STLC_GM132_RO3306_mKate2-Astrin_Nuf2-GFP_GFP_timelapse_06_R3D_D3D
1352,1352,56_7,40,13603.45,Expt2020_017_setIII_STLC_GM132_RO3306_mKate2-Astrin_Nuf2-GFP_GFP_timelapse_06_R3D_D3D_Z2_C0_T16.tif,6350.045769215554,5076.3925,4665.125,Expt2020_017_setIII_STLC_GM132_RO3306_mKate2-Astrin_Nuf2-GFP_GFP_timelapse_06_R3D_D3D_Z2_C1_T16.tif,4288.165984896161,4401.9075,1.0879068152752411,2.142260149674557,0.5078313273205923,cdki,set3_timelapse_cdki_cell_4,Expt2020_017_setIII_STLC_GM132_RO3306_mKate2-Astrin_Nuf2-GFP_GFP_timelapse_06_R3D_D3D
1353,1353,56_8,34,14417.676470588234,Expt2020_017_setIII_STLC_GM132_RO3306_mKate2-Astrin_Nuf2-GFP_GFP_timelapse_06_R3D_D3D_Z2_C0_T16.tif,6350.045769215554,5076.3925,4560.0,Expt2020_017_setIII_STLC_GM132_RO3306_mKate2-Astrin_Nuf2-GFP_GFP_timelapse_06_R3D_D3D_Z2_C1_T16.tif,4288.165984896161,4401.9075,1.0633916728180057,2.2704838665075173,0.4683546483216048,cdki,set3_timelapse_cdki_cell_4,Expt2020_017_setIII_STLC_GM132_RO3306_mKate2-Astrin_Nuf2-GFP_GFP_timelapse_06_R3D_D3D
1354,1354,56_9,43,15243.67441860465,Expt2020_017_setIII_STLC_GM132_RO3306_mKate2-Astrin_Nuf2-GFP_GFP_timelapse_06_R3D_D3D_Z2_C0_T16.tif,6350.045769215554,5076.3925,4916.372093023257,Expt2020_017_setIII_STLC_GM132_RO3306_mKate2-Astrin_Nuf2-GFP_GFP_timelapse_06_R3D_D3D_Z2_C1_T16.tif,4288.165984896161,4401.9075,1.1464976193411758,2.400561345951962,0.47759563456876497,cdki,set3_timelapse_cdki_cell_4,Expt2020_017_setIII_STLC_GM132_RO3306_mKate2-Astrin_Nuf2-GFP_GFP_timelapse_06_R3D_D3D
1355,1355,56_10,30,13842.066666666668,Expt2020_017_setIII_STLC_GM132_RO3306_mKate2-Astrin_Nuf2-GFP_GFP_timelapse_06_R3D_D3D_Z2_C0_T16.tif,6350.045769215554,5076.3925,4487.4,Expt2020_017_setIII_STLC_GM132_RO3306_mKate2-Astrin_Nuf2-GFP_GFP_timelapse_06_R3D_D3D_Z2_C1_T16.tif,4288.165984896161,4401.9075,1.0464613580270874,2.179837306649308,0.48006397304743526,cdki,set3_timelapse_cdki_cell_4,Expt2020_017_setIII_STLC_GM132_RO3306_mKate2-Astrin_Nuf2-GFP_GFP_timelapse_06_R3D_D3D
1356,1356,56_11,8,13256.5,Expt2020_017_setIII_STLC_GM132_RO3306_mKate2-Astrin_Nuf2-GFP_GFP_timelapse_06_R3D_D3D_Z2_C0_T16.tif,6350.045769215554,5076.3925,5078.625,Expt2020_017_setIII_STLC_GM132_RO3306_mKate2-Astrin_Nuf2-GFP_GFP_timelapse_06_R3D_D3D_Z2_C1_T16.tif,4288.165984896161,4401.9075,1.1843349856064354,2.087622748211723,0.5673127420272402,cdki,set3_timelapse_cdki_cell_4,Expt2020_017_setIII_STLC_GM132_RO3306_mKate2-Astrin_Nuf2-GFP_GFP_timelapse_06_R3D_D3D
1357,1357,56_12,50,14770.04,Expt2020_017_setIII_STLC_GM132_RO3306_mKate2-Astrin_Nuf2-GFP_GFP_timelapse_06_R3D_D3D_Z2_C0_T16.tif,6350.045769215554,5076.3925,5409.96,Expt2020_017_setIII_STLC_GM132_RO3306_mKate2-Astrin_Nuf2-GFP_GFP_timelapse_06_R3D_D3D_Z2_C1_T16.tif,4288.165984896161,4401.9075,1.261602283833004,2.3259737861424266,0.5423974643864504,cdki,set3_timelapse_cdki_cell_4,Expt2020_017_setIII_STLC_GM132_RO3306_mKate2-Astrin_Nuf2-GFP_GFP_timelapse_06_R3D_D3D
1358,1358,56_13,30,14339.633333333333,Expt2020_017_setIII_STLC_GM132_RO3306_mKate2-Astrin_Nuf2-GFP_GFP_timelapse_06_R3D_D3D_Z2_C0_T16.tif,6350.045769215554,5076.3925,5355.533333333334,Expt2020_017_setIII_STLC_GM132_RO3306_mKate2-Astrin_Nuf2-GFP_GFP_timelapse_06_R3D_D3D_Z2_C1_T16.tif,4288.165984896161,4401.9075,1.2489099890714748,2.2581936972565733,0.5530570697229146,cdki,set3_timelapse_cdki_cell_4,Expt2020_017_setIII_STLC_GM132_RO3306_mKate2-Astrin_Nuf2-GFP_GFP_timelapse_06_R3D_D3D
1359,1359,56_14,12,13446.5,Expt2020_017_setIII_STLC_GM132_RO3306_mKate2-Astrin_Nuf2-GFP_GFP_timelapse_06_R3D_D3D_Z2_C0_T16.tif,6350.045769215554,5076.3925,4028.583333333334,Expt2020_017_setIII_STLC_GM132_RO3306_mKate2-Astrin_Nuf2-GFP_GFP_timelapse_06_R3D_D3D_Z2_C1_T16.tif,4288.165984896161,4401.9075,0.9394653442807176,2.1175437923908222,0.44365804743051385,cdki,set3_timelapse_cdki_cell_4,Expt2020_017_setIII_STLC_GM132_RO3306_mKate2-Astrin_Nuf2-GFP_GFP_timelapse_06_R3D_D3D
1360,1360,56_15,36,13182.083333333336,Expt2020_017_setIII_STLC_GM132_RO3306_mKate2-Astrin_Nuf2-GFP_GFP_timelapse_06_R3D_D3D_Z2_C0_T16.tif,6350.045769215554,5076.3925,4716.13888888889,Expt2020_017_setIII_STLC_GM132_RO3306_mKate2-Astrin_Nuf2-GFP_GFP_timelapse_06_R3D_D3D_Z2_C1_T16.tif,4288.165984896161,4401.9075,1.0998032505038613,2.07590367257491,0.5297949346270423,cdki,set3_timelapse_cdki_cell_4,Expt2020_017_setIII_STLC_GM132_RO3306_mKate2-Astrin_Nuf2-GFP_GFP_timelapse_06_R3D_D3D
1361,1361,56_16,38,15732.368421052632,Expt2020_017_setIII_STLC_GM132_RO3306_mKate2-Astrin_Nuf2-GFP_GFP_timelapse_06_R3D_D3D_Z2_C0_T16.tif,6350.045769215554,5076.3925,5910.421052631579,Expt2020_017_setIII_STLC_GM132_RO3306_mKate2-Astrin_Nuf2-GFP_GFP_timelapse_06_R3D_D3D_Z2_C1_T16.tif,4288.165984896161,4401.9075,1.3783097653983891,2.4775204766746293,0.5563262860488565,cdki,set3_timelapse_cdki_cell_4,Expt2020_017_setIII_STLC_GM132_RO3306_mKate2-Astrin_Nuf2-GFP_GFP_timelapse_06_R3D_D3D
1362,1362,56_17,62,13310.370967741936,Expt2020_017_setIII_STLC_GM132_RO3306_mKate2-Astrin_Nuf2-GFP_GFP_timelapse_06_R3D_D3D_Z2_C0_T16.tif,6350.045769215554,5076.3925,4297.241935483871,Expt2020_017_setIII_STLC_GM132_RO3306_mKate2-Astrin_Nuf2-GFP_GFP_timelapse_06_R3D_D3D_Z2_C1_T16.tif,4288.165984896161,4401.9075,1.0021165110258505,2.0961063040316033,0.4780847751368346,cdki,set3_timelapse_cdki_cell_4,Expt2020_017_setIII_STLC_GM132_RO3306_mKate2-Astrin_Nuf2-GFP_GFP_timelapse_06_R3D_D3D
1363,1363,56_18,42,15539.5,Expt2020_017_setIII_STLC_GM132_RO3306_mKate2-Astrin_Nuf2-GFP_GFP_timelapse_06_R3D_D3D_Z2_C0_T16.tif,6350.045769215554,5076.3925,5006.547619047619,Expt2020_017_setIII_STLC_GM132_RO3306_mKate2-Astrin_Nuf2-GFP_GFP_timelapse_06_R3D_D3D_Z2_C1_T16.tif,4288.165984896161,4401.9075,1.1675265455399237,2.4471477159005826,0.4770968822003696,cdki,set3_timelapse_cdki_cell_4,Expt2020_017_setIII_STLC_GM132_RO3306_mKate2-Astrin_Nuf2-GFP_GFP_timelapse_06_R3D_D3D
1364,1364,56_19,48,16444.104166666668,Expt2020_017_setIII_STLC_GM132_RO3306_mKate2-Astrin_Nuf2-GFP_GFP_timelapse_06_R3D_D3D_Z2_C0_T16.tif,6350.045769215554,5076.3925,5162.270833333333,Expt2020_017_setIII_STLC_GM132_RO3306_mKate2-Astrin_Nuf2-GFP_GFP_timelapse_06_R3D_D3D_Z2_C1_T16.tif,4288.165984896161,4401.9075,1.2038411879381434,2.5896040381923218,0.46487461796610696,cdki,set3_timelapse_cdki_cell_4,Expt2020_017_setIII_STLC_GM132_RO3306_mKate2-Astrin_Nuf2-GFP_GFP_timelapse_06_R3D_D3D
1365,1365,56_20,124,14005.112903225809,Expt2020_017_setIII_STLC_GM132_RO3306_mKate2-Astrin_Nuf2-GFP_GFP_timelapse_06_R3D_D3D_Z2_C0_T16.tif,6350.045769215554,5076.3925,4613.798387096775,Expt2020_017_setIII_STLC_GM132_RO3306_mKate2-Astrin_Nuf2-GFP_GFP_timelapse_06_R3D_D3D_Z2_C1_T16.tif,4288.165984896161,4401.9075,1.0759374528289158,2.205513694266792,0.48783984231238425,cdki,set3_timelapse_cdki_cell_4,Expt2020_017_setIII_STLC_GM132_RO3306_mKate2-Astrin_Nuf2-GFP_GFP_timelapse_06_R3D_D3D
1366,1366,56_21,26,15170.0,Expt2020_017_setIII_STLC_GM132_RO3306_mKate2-Astrin_Nuf2-GFP_GFP_timelapse_06_R3D_D3D_Z2_C0_T16.tif,6350.045769215554,5076.3925,5266.807692307692,Expt2020_017_setIII_STLC_GM132_RO3306_mKate2-Astrin_Nuf2-GFP_GFP_timelapse_06_R3D_D3D_Z2_C1_T16.tif,4288.165984896161,4401.9075,1.2282191759503986,2.388959158931229,0.5141231365796469,cdki,set3_timelapse_cdki_cell_4,Expt2020_017_setIII_STLC_GM132_RO3306_mKate2-Astrin_Nuf2-GFP_GFP_timelapse_06_R3D_D3D
1367,1367,56_22,21,13191.571428571431,Expt2020_017_setIII_STLC_GM132_RO3306_mKate2-Astrin_Nuf2-GFP_GFP_timelapse_06_R3D_D3D_Z2_C0_T16.tif,6350.045769215554,5076.3925,5129.952380952381,Expt2020_017_setIII_STLC_GM132_RO3306_mKate2-Astrin_Nuf2-GFP_GFP_timelapse_06_R3D_D3D_Z2_C1_T16.tif,4288.165984896161,4401.9075,1.1963045271617685,2.077397850031723,0.5758668360725896,cdki,set3_timelapse_cdki_cell_4,Expt2020_017_setIII_STLC_GM132_RO3306_mKate2-Astrin_Nuf2-GFP_GFP_timelapse_06_R3D_D3D
1370,1370,57_1,43,12798.976744186044,Expt2020_017_setIII_STLC_GM132_RO3306_mKate2-Astrin_Nuf2-GFP_GFP_timelapse_06_R3D_D3D_Z2_C0_T17.tif,6402.018488297187,4912.7225,3967.744186046512,Expt2020_017_setIII_STLC_GM132_RO3306_mKate2-Astrin_Nuf2-GFP_GFP_timelapse_06_R3D_D3D_Z2_C1_T17.tif,4278.577173216086,4282.4175,0.927351319238697,1.9992095879732963,0.4638589794773852,cdki,set3_timelapse_cdki_cell_4,Expt2020_017_setIII_STLC_GM132_RO3306_mKate2-Astrin_Nuf2-GFP_GFP_timelapse_06_R3D_D3D
1371,1371,57_2,27,12314.0,Expt2020_017_setIII_STLC_GM132_RO3306_mKate2-Astrin_Nuf2-GFP_GFP_timelapse_06_R3D_D3D_Z2_C0_T17.tif,6402.018488297187,4912.7225,4570.851851851852,Expt2020_017_setIII_STLC_GM132_RO3306_mKate2-Astrin_Nuf2-GFP_GFP_timelapse_06_R3D_D3D_Z2_C1_T17.tif,4278.577173216086,4282.4175,1.0683111854252407,1.9234558635701917,0.5554123729370697,cdki,set3_timelapse_cdki_cell_4,Expt2020_017_setIII_STLC_GM132_RO3306_mKate2-Astrin_Nuf2-GFP_GFP_timelapse_06_R3D_D3D
1372,1372,57_3,66,13417.151515151516,Expt2020_017_setIII_STLC_GM132_RO3306_mKate2-Astrin_Nuf2-GFP_GFP_timelapse_06_R3D_D3D_Z2_C0_T17.tif,6402.018488297187,4912.7225,4987.984848484848,Expt2020_017_setIII_STLC_GM132_RO3306_mKate2-Astrin_Nuf2-GFP_GFP_timelapse_06_R3D_D3D_Z2_C1_T17.tif,4278.577173216086,4282.4175,1.165804576275884,2.095768942198138,0.5562657947651114,cdki,set3_timelapse_cdki_cell_4,Expt2020_017_setIII_STLC_GM132_RO3306_mKate2-Astrin_Nuf2-GFP_GFP_timelapse_06_R3D_D3D
1373,1373,57_4,91,16019.45054945055,Expt2020_017_setIII_STLC_GM132_RO3306_mKate2-Astrin_Nuf2-GFP_GFP_timelapse_06_R3D_D3D_Z2_C0_T17.tif,6402.018488297187,4912.7225,4668.32967032967,Expt2020_017_setIII_STLC_GM132_RO3306_mKate2-Astrin_Nuf2-GFP_GFP_timelapse_06_R3D_D3D_Z2_C1_T17.tif,4278.577173216086,4282.4175,1.0910939504734043,2.5022499667462554,0.4360451453585925,cdki,set3_timelapse_cdki_cell_4,Expt2020_017_setIII_STLC_GM132_RO3306_mKate2-Astrin_Nuf2-GFP_GFP_timelapse_06_R3D_D3D
1375,1375,57_6,43,14285.813953488372,Expt2020_017_setIII_STLC_GM132_RO3306_mKate2-Astrin_Nuf2-GFP_GFP_timelapse_06_R3D_D3D_Z2_C0_T17.tif,6402.018488297187,4912.7225,4949.581395348837,Expt2020_017_setIII_STLC_GM132_RO3306_mKate2-Astrin_Nuf2-GFP_GFP_timelapse_06_R3D_D3D_Z2_C1_T17.tif,4278.577173216086,4282.4175,1.1568288229865855,2.2314546544347955,0.5184191490010799,cdki,set3_timelapse_cdki_cell_4,Expt2020_017_setIII_STLC_GM132_RO3306_mKate2-Astrin_Nuf2-GFP_GFP_timelapse_06_R3D_D3D
1376,1376,57_7,94,14634.840425531916,Expt2020_017_setIII_STLC_GM132_RO3306_mKate2-Astrin_Nuf2-GFP_GFP_timelapse_06_R3D_D3D_Z2_C0_T17.tif,6402.018488297187,4912.7225,4950.946808510638,Expt2020_017_setIII_STLC_GM132_RO3306_mKate2-Astrin_Nuf2-GFP_GFP_timelapse_06_R3D_D3D_Z2_C1_T17.tif,4278.577173216086,4282.4175,1.1571479508430023,2.2859728462646944,0.5061949675971852,cdki,set3_timelapse_cdki_cell_4,Expt2020_017_setIII_STLC_GM132_RO3306_mKate2-Astrin_Nuf2-GFP_GFP_timelapse_06_R3D_D3D
1377,1377,57_8,28,12210.464285714286,Expt2020_017_setIII_STLC_GM132_RO3306_mKate2-Astrin_Nuf2-GFP_GFP_timelapse_06_R3D_D3D_Z2_C0_T17.tif,6402.018488297187,4912.7225,4514.785714285715,Expt2020_017_setIII_STLC_GM132_RO3306_mKate2-Astrin_Nuf2-GFP_GFP_timelapse_06_R3D_D3D_Z2_C1_T17.tif,4278.577173216086,4282.4175,1.0552072643560797,1.907283508792558,0.5532513962877489,cdki,set3_timelapse_cdki_cell_4,Expt2020_017_setIII_STLC_GM132_RO3306_mKate2-Astrin_Nuf2-GFP_GFP_timelapse_06_R3D_D3D
1378,1378,57_9,64,13857.515625,Expt2020_017_setIII_STLC_GM132_RO3306_mKate2-Astrin_Nuf2-GFP_GFP_timelapse_06_R3D_D3D_Z2_C0_T17.tif,6402.018488297187,4912.7225,4470.234375,Expt2020_017_setIII_STLC_GM132_RO3306_mKate2-Astrin_Nuf2-GFP_GFP_timelapse_06_R3D_D3D_Z2_C1_T17.tif,4278.577173216086,4282.4175,1.0447946113917705,2.1645541402811275,0.4826835198754026,cdki,set3_timelapse_cdki_cell_4,Expt2020_017_setIII_STLC_GM132_RO3306_mKate2-Astrin_Nuf2-GFP_GFP_timelapse_06_R3D_D3D
1379,1379,57_10,16,12290.4375,Expt2020_017_setIII_STLC_GM132_RO3306_mKate2-Astrin_Nuf2-GFP_GFP_timelapse_06_R3D_D3D_Z2_C0_T17.tif,6402.018488297187,4912.7225,4427.875,Expt2020_017_setIII_STLC_GM132_RO3306_mKate2-Astrin_Nuf2-GFP_GFP_timelapse_06_R3D_D3D_Z2_C1_T17.tif,4278.577173216086,4282.4175,1.034894269926582,1.9197753837272997,0.5390704968397421,cdki,set3_timelapse_cdki_cell_4,Expt2020_017_setIII_STLC_GM132_RO3306_mKate2-Astrin_Nuf2-GFP_GFP_timelapse_06_R3D_D3D
1380,1380,57_11,8,11990.5,Expt2020_017_setIII_STLC_GM132_RO3306_mKate2-Astrin_Nuf2-GFP_GFP_timelapse_06_R3D_D3D_Z2_C0_T17.tif,6402.018488297187,4912.7225,4784.375,Expt2020_017_setIII_STLC_GM132_RO3306_mKate2-Astrin_Nuf2-GFP_GFP_timelapse_06_R3D_D3D_Z2_C1_T17.tif,4278.577173216086,4282.4175,1.1182163617265597,1.8729249254619444,0.5970428106992911,cdki,set3_timelapse_cdki_cell_4,Expt2020_017_setIII_STLC_GM132_RO3306_mKate2-Astrin_Nuf2-GFP_GFP_timelapse_06_R3D_D3D
1381,1381,57_12,38,13151.105263157895,Expt2020_017_setIII_STLC_GM132_RO3306_mKate2-Astrin_Nuf2-GFP_GFP_timelapse_06_R3D_D3D_Z2_C0_T17.tif,6402.018488297187,4912.7225,4705.736842105263,Expt2020_017_setIII_STLC_GM132_RO3306_mKate2-Astrin_Nuf2-GFP_GFP_timelapse_06_R3D_D3D_Z2_C1_T17.tif,4278.577173216086,4282.4175,1.099836850335013,2.0542123218166206,0.5354056339036971,cdki,set3_timelapse_cdki_cell_4,Expt2020_017_setIII_STLC_GM132_RO3306_mKate2-Astrin_Nuf2-GFP_GFP_timelapse_06_R3D_D3D
1382,1382,57_13,38,15589.342105263158,Expt2020_017_setIII_STLC_GM132_RO3306_mKate2-Astrin_Nuf2-GFP_GFP_timelapse_06_R3D_D3D_Z2_C0_T17.tif,6402.018488297187,4912.7225,5356.184210526316,Expt2020_017_setIII_STLC_GM132_RO3306_mKate2-Astrin_Nuf2-GFP_GFP_timelapse_06_R3D_D3D_Z2_C1_T17.tif,4278.577173216086,4282.4175,1.251861072894993,2.4350667111880866,0.5140972389558071,cdki,set3_timelapse_cdki_cell_4,Expt2020_017_setIII_STLC_GM132_RO3306_mKate2-Astrin_Nuf2-GFP_GFP_timelapse_06_R3D_D3D
1383,1383,57_14,26,12529.730769230771,Expt2020_017_setIII_STLC_GM132_RO3306_mKate2-Astrin_Nuf2-GFP_GFP_timelapse_06_R3D_D3D_Z2_C0_T17.tif,6402.018488297187,4912.7225,3948.884615384615,Expt2020_017_setIII_STLC_GM132_RO3306_mKate2-Astrin_Nuf2-GFP_GFP_timelapse_06_R3D_D3D_Z2_C1_T17.tif,4278.577173216086,4282.4175,0.9229434121475364,1.9571531685100518,0.4715744413862906,cdki,set3_timelapse_cdki_cell_4,Expt2020_017_setIII_STLC_GM132_RO3306_mKate2-Astrin_Nuf2-GFP_GFP_timelapse_06_R3D_D3D
1384,1384,57_15,32,14695.125,Expt2020_017_setIII_STLC_GM132_RO3306_mKate2-Astrin_Nuf2-GFP_GFP_timelapse_06_R3D_D3D_Z2_C0_T17.tif,6402.018488297187,4912.7225,4494.53125,Expt2020_017_setIII_STLC_GM132_RO3306_mKate2-Astrin_Nuf2-GFP_GFP_timelapse_06_R3D_D3D_Z2_C1_T17.tif,4278.577173216086,4282.4175,1.0504733391595196,2.295389341168338,0.457644949516423,cdki,set3_timelapse_cdki_cell_4,Expt2020_017_setIII_STLC_GM132_RO3306_mKate2-Astrin_Nuf2-GFP_GFP_timelapse_06_R3D_D3D
1385,1385,57_16,5,12744.2,Expt2020_017_setIII_STLC_GM132_RO3306_mKate2-Astrin_Nuf2-GFP_GFP_timelapse_06_R3D_D3D_Z2_C0_T17.tif,6402.018488297187,4912.7225,4321.8,Expt2020_017_setIII_STLC_GM132_RO3306_mKate2-Astrin_Nuf2-GFP_GFP_timelapse_06_R3D_D3D_Z2_C1_T17.tif,4278.577173216086,4282.4175,1.010102149624527,1.9906534202136787,0.5074224068176075,cdki,set3_timelapse_cdki_cell_4,Expt2020_017_setIII_STLC_GM132_RO3306_mKate2-Astrin_Nuf2-GFP_GFP_timelapse_06_R3D_D3D
1386,1386,57_17,32,14977.15625,Expt2020_017_setIII_STLC_GM132_RO3306_mKate2-Astrin_Nuf2-GFP_GFP_timelapse_06_R3D_D3D_Z2_C0_T17.tif,6402.018488297187,4912.7225,5256.09375,Expt2020_017_setIII_STLC_GM132_RO3306_mKate2-Astrin_Nuf2-GFP_GFP_timelapse_06_R3D_D3D_Z2_C1_T17.tif,4278.577173216086,4282.4175,1.2284676744650471,2.3394428300040153,0.5251112182394894,cdki,set3_timelapse_cdki_cell_4,Expt2020_017_setIII_STLC_GM132_RO3306_mKate2-Astrin_Nuf2-GFP_GFP_timelapse_06_R3D_D3D
1387,1387,57_18,45,16824.222222222223,Expt2020_017_setIII_STLC_GM132_RO3306_mKate2-Astrin_Nuf2-GFP_GFP_timelapse_06_R3D_D3D_Z2_C0_T17.tif,6402.018488297187,4912.7225,5012.577777777778,Expt2020_017_setIII_STLC_GM132_RO3306_mKate2-Astrin_Nuf2-GFP_GFP_timelapse_06_R3D_D3D_Z2_C1_T17.tif,4278.577173216086,4282.4175,1.171552498610178,2.6279558943756096,0.44580371425469967,cdki,set3_timelapse_cdki_cell_4,Expt2020_017_setIII_STLC_GM132_RO3306_mKate2-Astrin_Nuf2-GFP_GFP_timelapse_06_R3D_D3D
1388,1388,57_19,161,14034.217391304348,Expt2020_017_setIII_STLC_GM132_RO3306_mKate2-Astrin_Nuf2-GFP_GFP_timelapse_06_R3D_D3D_Z2_C0_T17.tif,6402.018488297187,4912.7225,4706.627329192545,Expt2020_017_setIII_STLC_GM132_RO3306_mKate2-Astrin_Nuf2-GFP_GFP_timelapse_06_R3D_D3D_Z2_C1_T17.tif,4278.577173216086,4282.4175,1.1000449772546013,2.1921550862370562,0.5018098327809842,cdki,set3_timelapse_cdki_cell_4,Expt2020_017_setIII_STLC_GM132_RO3306_mKate2-Astrin_Nuf2-GFP_GFP_timelapse_06_R3D_D3D
1389,1389,57_20,52,13624.557692307693,Expt2020_017_setIII_STLC_GM132_RO3306_mKate2-Astrin_Nuf2-GFP_GFP_timelapse_06_R3D_D3D_Z2_C0_T17.tif,6402.018488297187,4912.7225,4753.634615384615,Expt2020_017_setIII_STLC_GM132_RO3306_mKate2-Astrin_Nuf2-GFP_GFP_timelapse_06_R3D_D3D_Z2_C1_T17.tif,4278.577173216086,4282.4175,1.1110316404113012,2.128165939728731,0.5220606249120405,cdki,set3_timelapse_cdki_cell_4,Expt2020_017_setIII_STLC_GM132_RO3306_mKate2-Astrin_Nuf2-GFP_GFP_timelapse_06_R3D_D3D
1392,1392,58_1,19,13314.421052631576,Expt2020_017_setIII_STLC_GM132_RO3306_mKate2-Astrin_Nuf2-GFP_GFP_timelapse_06_R3D_D3D_Z2_C0_T18.tif,6375.09988084537,5029.7225,4140.526315789473,Expt2020_017_setIII_STLC_GM132_RO3306_mKate2-Astrin_Nuf2-GFP_GFP_timelapse_06_R3D_D3D_Z2_C1_T18.tif,4222.980517115805,4261.7375,0.9804748800066343,2.0885039138972705,0.4694627927112719,cdki,set3_timelapse_cdki_cell_4,Expt2020_017_setIII_STLC_GM132_RO3306_mKate2-Astrin_Nuf2-GFP_GFP_timelapse_06_R3D_D3D
1393,1393,58_2,26,14183.23076923077,Expt2020_017_setIII_STLC_GM132_RO3306_mKate2-Astrin_Nuf2-GFP_GFP_timelapse_06_R3D_D3D_Z2_C0_T18.tif,6375.09988084537,5029.7225,4482.538461538462,Expt2020_017_setIII_STLC_GM132_RO3306_mKate2-Astrin_Nuf2-GFP_GFP_timelapse_06_R3D_D3D_Z2_C1_T18.tif,4222.980517115805,4261.7375,1.0614632114381453,2.2247856558052863,0.4771080794540347,cdki,set3_timelapse_cdki_cell_4,Expt2020_017_setIII_STLC_GM132_RO3306_mKate2-Astrin_Nuf2-GFP_GFP_timelapse_06_R3D_D3D
1394,1394,58_3,79,16836.12658227848,Expt2020_017_setIII_STLC_GM132_RO3306_mKate2-Astrin_Nuf2-GFP_GFP_timelapse_06_R3D_D3D_Z2_C0_T18.tif,6375.09988084537,5029.7225,4644.341772151899,Expt2020_017_setIII_STLC_GM132_RO3306_mKate2-Astrin_Nuf2-GFP_GFP_timelapse_06_R3D_D3D_Z2_C1_T18.tif,4222.980517115805,4261.7375,1.0997781669435391,2.6409196556848187,0.41643757112268337,cdki,set3_timelapse_cdki_cell_4,Expt2020_017_setIII_STLC_GM132_RO3306_mKate2-Astrin_Nuf2-GFP_GFP_timelapse_06_R3D_D3D
1396,1396,58_5,30,16196.966666666667,Expt2020_017_setIII_STLC_GM132_RO3306_mKate2-Astrin_Nuf2-GFP_GFP_timelapse_06_R3D_D3D_Z2_C0_T18.tif,6375.09988084537,5029.7225,4476.066666666667,Expt2020_017_setIII_STLC_GM132_RO3306_mKate2-Astrin_Nuf2-GFP_GFP_timelapse_06_R3D_D3D_Z2_C1_T18.tif,4222.980517115805,4261.7375,1.059930693150276,2.540660847578575,0.41718700634933753,cdki,set3_timelapse_cdki_cell_4,Expt2020_017_setIII_STLC_GM132_RO3306_mKate2-Astrin_Nuf2-GFP_GFP_timelapse_06_R3D_D3D
1397,1397,58_6,32,15055.96875,Expt2020_017_setIII_STLC_GM132_RO3306_mKate2-Astrin_Nuf2-GFP_GFP_timelapse_06_R3D_D3D_Z2_C0_T18.tif,6375.09988084537,5029.7225,4531.375,Expt2020_017_setIII_STLC_GM132_RO3306_mKate2-Astrin_Nuf2-GFP_GFP_timelapse_06_R3D_D3D_Z2_C1_T18.tif,4222.980517115805,4261.7375,1.0730276830864522,2.361683586360298,0.4543486220100068,cdki,set3_timelapse_cdki_cell_4,Expt2020_017_setIII_STLC_GM132_RO3306_mKate2-Astrin_Nuf2-GFP_GFP_timelapse_06_R3D_D3D
1398,1398,58_7,55,15548.472727272727,Expt2020_017_setIII_STLC_GM132_RO3306_mKate2-Astrin_Nuf2-GFP_GFP_timelapse_06_R3D_D3D_Z2_C0_T18.tif,6375.09988084537,5029.7225,4813.8,Expt2020_017_setIII_STLC_GM132_RO3306_mKate2-Astrin_Nuf2-GFP_GFP_timelapse_06_R3D_D3D_Z2_C1_T18.tif,4222.980517115805,4261.7375,1.1399058036118317,2.438937901818555,0.4673779528219555,cdki,set3_timelapse_cdki_cell_4,Expt2020_017_setIII_STLC_GM132_RO3306_mKate2-Astrin_Nuf2-GFP_GFP_timelapse_06_R3D_D3D
1399,1399,58_8,8,14266.875,Expt2020_017_setIII_STLC_GM132_RO3306_mKate2-Astrin_Nuf2-GFP_GFP_timelapse_06_R3D_D3D_Z2_C0_T18.tif,6375.09988084537,5029.7225,5137.125,Expt2020_017_setIII_STLC_GM132_RO3306_mKate2-Astrin_Nuf2-GFP_GFP_timelapse_06_R3D_D3D_Z2_C1_T18.tif,4222.980517115805,4261.7375,1.21646902683523,2.2379061138894882,0.5435746474283512,cdki,set3_timelapse_cdki_cell_4,Expt2020_017_setIII_STLC_GM132_RO3306_mKate2-Astrin_Nuf2-GFP_GFP_timelapse_06_R3D_D3D
1400,1400,58_9,44,15892.795454545454,Expt2020_017_setIII_STLC_GM132_RO3306_mKate2-Astrin_Nuf2-GFP_GFP_timelapse_06_R3D_D3D_Z2_C0_T18.tif,6375.09988084537,5029.7225,5289.159090909091,Expt2020_017_setIII_STLC_GM132_RO3306_mKate2-Astrin_Nuf2-GFP_GFP_timelapse_06_R3D_D3D_Z2_C1_T18.tif,4222.980517115805,4261.7375,1.2524706352473207,2.492948463803204,0.502405345891736,cdki,set3_timelapse_cdki_cell_4,Expt2020_017_setIII_STLC_GM132_RO3306_mKate2-Astrin_Nuf2-GFP_GFP_timelapse_06_R3D_D3D
1401,1401,58_10,38,16082.763157894737,Expt2020_017_setIII_STLC_GM132_RO3306_mKate2-Astrin_Nuf2-GFP_GFP_timelapse_06_R3D_D3D_Z2_C0_T18.tif,6375.09988084537,5029.7225,5396.026315789473,Expt2020_017_setIII_STLC_GM132_RO3306_mKate2-Astrin_Nuf2-GFP_GFP_timelapse_06_R3D_D3D_Z2_C1_T18.tif,4222.980517115805,4261.7375,1.277776748890812,2.522746852361799,0.5065021675458858,cdki,set3_timelapse_cdki_cell_4,Expt2020_017_setIII_STLC_GM132_RO3306_mKate2-Astrin_Nuf2-GFP_GFP_timelapse_06_R3D_D3D
1402,1402,58_11,26,15000.26923076923,Expt2020_017_setIII_STLC_GM132_RO3306_mKate2-Astrin_Nuf2-GFP_GFP_timelapse_06_R3D_D3D_Z2_C0_T18.tif,6375.09988084537,5029.7225,4735.307692307692,Expt2020_017_setIII_STLC_GM132_RO3306_mKate2-Astrin_Nuf2-GFP_GFP_timelapse_06_R3D_D3D_Z2_C1_T18.tif,4222.980517115805,4261.7375,1.1213188583549978,2.3529465437614636,0.47655942772182014,cdki,set3_timelapse_cdki_cell_4,Expt2020_017_setIII_STLC_GM132_RO3306_mKate2-Astrin_Nuf2-GFP_GFP_timelapse_06_R3D_D3D
1403,1403,58_12,21,12478.380952380952,Expt2020_017_setIII_STLC_GM132_RO3306_mKate2-Astrin_Nuf2-GFP_GFP_timelapse_06_R3D_D3D_Z2_C0_T18.tif,6375.09988084537,5029.7225,3664.238095238096,Expt2020_017_setIII_STLC_GM132_RO3306_mKate2-Astrin_Nuf2-GFP_GFP_timelapse_06_R3D_D3D_Z2_C1_T18.tif,4222.980517115805,4261.7375,0.8676900308649027,1.9573624234301812,0.4432955391798718,cdki,set3_timelapse_cdki_cell_4,Expt2020_017_setIII_STLC_GM132_RO3306_mKate2-Astrin_Nuf2-GFP_GFP_timelapse_06_R3D_D3D
1404,1404,58_13,32,15698.25,Expt2020_017_setIII_STLC_GM132_RO3306_mKate2-Astrin_Nuf2-GFP_GFP_timelapse_06_R3D_D3D_Z2_C0_T18.tif,6375.09988084537,5029.7225,4390.59375,Expt2020_017_setIII_STLC_GM132_RO3306_mKate2-Astrin_Nuf2-GFP_GFP_timelapse_06_R3D_D3D_Z2_C1_T18.tif,4222.980517115805,4261.7375,1.0396907426413302,2.4624320078759823,0.42222109658903245,cdki,set3_timelapse_cdki_cell_4,Expt2020_017_setIII_STLC_GM132_RO3306_mKate2-Astrin_Nuf2-GFP_GFP_timelapse_06_R3D_D3D
1405,1405,58_14,39,15642.820512820515,Expt2020_017_setIII_STLC_GM132_RO3306_mKate2-Astrin_Nuf2-GFP_GFP_timelapse_06_R3D_D3D_Z2_C0_T18.tif,6375.09988084537,5029.7225,4908.820512820513,Expt2020_017_setIII_STLC_GM132_RO3306_mKate2-Astrin_Nuf2-GFP_GFP_timelapse_06_R3D_D3D_Z2_C1_T18.tif,4222.980517115805,4261.7375,1.1624066208510762,2.4537373225823407,0.47372903780415515,cdki,set3_timelapse_cdki_cell_4,Expt2020_017_setIII_STLC_GM132_RO3306_mKate2-Astrin_Nuf2-GFP_GFP_timelapse_06_R3D_D3D
1406,1406,58_15,41,16897.317073170732,Expt2020_017_setIII_STLC_GM132_RO3306_mKate2-Astrin_Nuf2-GFP_GFP_timelapse_06_R3D_D3D_Z2_C0_T18.tif,6375.09988084537,5029.7225,5116.609756097561,Expt2020_017_setIII_STLC_GM132_RO3306_mKate2-Astrin_Nuf2-GFP_GFP_timelapse_06_R3D_D3D_Z2_C1_T18.tif,4222.980517115805,4261.7375,1.2116110257577233,2.6505180136769977,0.45712235099164084,cdki,set3_timelapse_cdki_cell_4,Expt2020_017_setIII_STLC_GM132_RO3306_mKate2-Astrin_Nuf2-GFP_GFP_timelapse_06_R3D_D3D
1407,1407,58_16,97,15388.226804123711,Expt2020_017_setIII_STLC_GM132_RO3306_mKate2-Astrin_Nuf2-GFP_GFP_timelapse_06_R3D_D3D_Z2_C0_T18.tif,6375.09988084537,5029.7225,4583.432989690722,Expt2020_017_setIII_STLC_GM132_RO3306_mKate2-Astrin_Nuf2-GFP_GFP_timelapse_06_R3D_D3D_Z2_C1_T18.tif,4222.980517115805,4261.7375,1.085354993023055,2.413801680246484,0.4496454708376144,cdki,set3_timelapse_cdki_cell_4,Expt2020_017_setIII_STLC_GM132_RO3306_mKate2-Astrin_Nuf2-GFP_GFP_timelapse_06_R3D_D3D
1408,1408,58_17,30,13979.9,Expt2020_017_setIII_STLC_GM132_RO3306_mKate2-Astrin_Nuf2-GFP_GFP_timelapse_06_R3D_D3D_Z2_C0_T18.tif,6375.09988084537,5029.7225,4450.8,Expt2020_017_setIII_STLC_GM132_RO3306_mKate2-Astrin_Nuf2-GFP_GFP_timelapse_06_R3D_D3D_Z2_C1_T18.tif,4222.980517115805,4261.7375,1.0539475571722008,2.192891132890956,0.4806201007264548,cdki,set3_timelapse_cdki_cell_4,Expt2020_017_setIII_STLC_GM132_RO3306_mKate2-Astrin_Nuf2-GFP_GFP_timelapse_06_R3D_D3D
1409,1409,58_18,32,14910.125,Expt2020_017_setIII_STLC_GM132_RO3306_mKate2-Astrin_Nuf2-GFP_GFP_timelapse_06_R3D_D3D_Z2_C0_T18.tif,6375.09988084537,5029.7225,4792.0,Expt2020_017_setIII_STLC_GM132_RO3306_mKate2-Astrin_Nuf2-GFP_GFP_timelapse_06_R3D_D3D_Z2_C1_T18.tif,4222.980517115805,4261.7375,1.1347435728339144,2.3388064938086655,0.48518061491526976,cdki,set3_timelapse_cdki_cell_4,Expt2020_017_setIII_STLC_GM132_RO3306_mKate2-Astrin_Nuf2-GFP_GFP_timelapse_06_R3D_D3D
1412,1412,59_1,5,14948.6,Expt2020_017_setIII_STLC_GM132_RO3306_mKate2-Astrin_Nuf2-GFP_GFP_timelapse_06_R3D_D3D_Z2_C0_T19.tif,6444.935646008168,5059.305,3901.6,Expt2020_017_setIII_STLC_GM132_RO3306_mKate2-Astrin_Nuf2-GFP_GFP_timelapse_06_R3D_D3D_Z2_C1_T19.tif,4203.458805668016,4271.8475,0.928187994786345,2.3194335554395784,0.4001787387310757,cdki,set3_timelapse_cdki_cell_4,Expt2020_017_setIII_STLC_GM132_RO3306_mKate2-Astrin_Nuf2-GFP_GFP_timelapse_06_R3D_D3D
1413,1413,59_2,8,14431.375,Expt2020_017_setIII_STLC_GM132_RO3306_mKate2-Astrin_Nuf2-GFP_GFP_timelapse_06_R3D_D3D_Z2_C0_T19.tif,6444.935646008168,5059.305,4772.625,Expt2020_017_setIII_STLC_GM132_RO3306_mKate2-Astrin_Nuf2-GFP_GFP_timelapse_06_R3D_D3D_Z2_C1_T19.tif,4203.458805668016,4271.8475,1.135404251747278,2.2391806206689484,0.5070623786517406,cdki,set3_timelapse_cdki_cell_4,Expt2020_017_setIII_STLC_GM132_RO3306_mKate2-Astrin_Nuf2-GFP_GFP_timelapse_06_R3D_D3D
1414,1414,59_3,5,14954.0,Expt2020_017_setIII_STLC_GM132_RO3306_mKate2-Astrin_Nuf2-GFP_GFP_timelapse_06_R3D_D3D_Z2_C0_T19.tif,6444.935646008168,5059.305,3862.0,Expt2020_017_setIII_STLC_GM132_RO3306_mKate2-Astrin_Nuf2-GFP_GFP_timelapse_06_R3D_D3D_Z2_C1_T19.tif,4203.458805668016,4271.8475,0.9187671816344228,2.320271422611044,0.39597401092003165,cdki,set3_timelapse_cdki_cell_4,Expt2020_017_setIII_STLC_GM132_RO3306_mKate2-Astrin_Nuf2-GFP_GFP_timelapse_06_R3D_D3D
1415,1415,59_4,39,14424.53846153846,Expt2020_017_setIII_STLC_GM132_RO3306_mKate2-Astrin_Nuf2-GFP_GFP_timelapse_06_R3D_D3D_Z2_C0_T19.tif,6444.935646008168,5059.305,4609.282051282052,Expt2020_017_setIII_STLC_GM132_RO3306_mKate2-Astrin_Nuf2-GFP_GFP_timelapse_06_R3D_D3D_Z2_C1_T19.tif,4203.458805668016,4271.8475,1.0965450749908188,2.238119859346099,0.4899402819789961,cdki,set3_timelapse_cdki_cell_4,Expt2020_017_setIII_STLC_GM132_RO3306_mKate2-Astrin_Nuf2-GFP_GFP_timelapse_06_R3D_D3D
1416,1416,59_5,73,16818.547945205482,Expt2020_017_setIII_STLC_GM132_RO3306_mKate2-Astrin_Nuf2-GFP_GFP_timelapse_06_R3D_D3D_Z2_C0_T19.tif,6444.935646008168,5059.305,4753.794520547946,Expt2020_017_setIII_STLC_GM132_RO3306_mKate2-Astrin_Nuf2-GFP_GFP_timelapse_06_R3D_D3D_Z2_C1_T19.tif,4203.458805668016,4271.8475,1.1309244934523561,2.6095757768539505,0.4333748433301963,cdki,set3_timelapse_cdki_cell_4,Expt2020_017_setIII_STLC_GM132_RO3306_mKate2-Astrin_Nuf2-GFP_GFP_timelapse_06_R3D_D3D
1418,1418,59_7,32,15033.65625,Expt2020_017_setIII_STLC_GM132_RO3306_mKate2-Astrin_Nuf2-GFP_GFP_timelapse_06_R3D_D3D_Z2_C0_T19.tif,6444.935646008168,5059.305,4492.3125,Expt2020_017_setIII_STLC_GM132_RO3306_mKate2-Astrin_Nuf2-GFP_GFP_timelapse_06_R3D_D3D_Z2_C1_T19.tif,4203.458805668016,4271.8475,1.0687180980440414,2.332630933143835,0.458159961294718,cdki,set3_timelapse_cdki_cell_4,Expt2020_017_setIII_STLC_GM132_RO3306_mKate2-Astrin_Nuf2-GFP_GFP_timelapse_06_R3D_D3D
1419,1419,59_8,34,14550.44117647059,Expt2020_017_setIII_STLC_GM132_RO3306_mKate2-Astrin_Nuf2-GFP_GFP_timelapse_06_R3D_D3D_Z2_C0_T19.tif,6444.935646008168,5059.305,4706.64705882353,Expt2020_017_setIII_STLC_GM132_RO3306_mKate2-Astrin_Nuf2-GFP_GFP_timelapse_06_R3D_D3D_Z2_C1_T19.tif,4203.458805668016,4271.8475,1.1197081442732366,2.2576549985387007,0.49596069594246406,cdki,set3_timelapse_cdki_cell_4,Expt2020_017_setIII_STLC_GM132_RO3306_mKate2-Astrin_Nuf2-GFP_GFP_timelapse_06_R3D_D3D
1420,1420,59_9,21,14354.285714285714,Expt2020_017_setIII_STLC_GM132_RO3306_mKate2-Astrin_Nuf2-GFP_GFP_timelapse_06_R3D_D3D_Z2_C0_T19.tif,6444.935646008168,5059.305,4089.047619047619,Expt2020_017_setIII_STLC_GM132_RO3306_mKate2-Astrin_Nuf2-GFP_GFP_timelapse_06_R3D_D3D_Z2_C1_T19.tif,4203.458805668016,4271.8475,0.9727816562717058,2.2272194018223286,0.4367695681331476,cdki,set3_timelapse_cdki_cell_4,Expt2020_017_setIII_STLC_GM132_RO3306_mKate2-Astrin_Nuf2-GFP_GFP_timelapse_06_R3D_D3D
1421,1421,59_10,8,14764.0,Expt2020_017_setIII_STLC_GM132_RO3306_mKate2-Astrin_Nuf2-GFP_GFP_timelapse_06_R3D_D3D_Z2_C0_T19.tif,6444.935646008168,5059.305,5193.125,Expt2020_017_setIII_STLC_GM132_RO3306_mKate2-Astrin_Nuf2-GFP_GFP_timelapse_06_R3D_D3D_Z2_C1_T19.tif,4203.458805668016,4271.8475,1.2354409166559457,2.2907909110224325,0.5393075861753529,cdki,set3_timelapse_cdki_cell_4,Expt2020_017_setIII_STLC_GM132_RO3306_mKate2-Astrin_Nuf2-GFP_GFP_timelapse_06_R3D_D3D
1422,1422,59_11,43,17006.046511627912,Expt2020_017_setIII_STLC_GM132_RO3306_mKate2-Astrin_Nuf2-GFP_GFP_timelapse_06_R3D_D3D_Z2_C0_T19.tif,6444.935646008168,5059.305,5034.674418604651,Expt2020_017_setIII_STLC_GM132_RO3306_mKate2-Astrin_Nuf2-GFP_GFP_timelapse_06_R3D_D3D_Z2_C1_T19.tif,4203.458805668016,4271.8475,1.197745630768597,2.638668164539553,0.45392052205154915,cdki,set3_timelapse_cdki_cell_4,Expt2020_017_setIII_STLC_GM132_RO3306_mKate2-Astrin_Nuf2-GFP_GFP_timelapse_06_R3D_D3D
1423,1423,59_12,21,17854.666666666668,Expt2020_017_setIII_STLC_GM132_RO3306_mKate2-Astrin_Nuf2-GFP_GFP_timelapse_06_R3D_D3D_Z2_C0_T19.tif,6444.935646008168,5059.305,5138.190476190476,Expt2020_017_setIII_STLC_GM132_RO3306_mKate2-Astrin_Nuf2-GFP_GFP_timelapse_06_R3D_D3D_Z2_C1_T19.tif,4203.458805668016,4271.8475,1.2223720306862653,2.7703405661971816,0.4412352927294434,cdki,set3_timelapse_cdki_cell_4,Expt2020_017_setIII_STLC_GM132_RO3306_mKate2-Astrin_Nuf2-GFP_GFP_timelapse_06_R3D_D3D
1424,1424,59_13,26,16330.807692307693,Expt2020_017_setIII_STLC_GM132_RO3306_mKate2-Astrin_Nuf2-GFP_GFP_timelapse_06_R3D_D3D_Z2_C0_T19.tif,6444.935646008168,5059.305,5382.692307692308,Expt2020_017_setIII_STLC_GM132_RO3306_mKate2-Astrin_Nuf2-GFP_GFP_timelapse_06_R3D_D3D_Z2_C1_T19.tif,4203.458805668016,4271.8475,1.2805388506327677,2.533897712760342,0.5053632765774876,cdki,set3_timelapse_cdki_cell_4,Expt2020_017_setIII_STLC_GM132_RO3306_mKate2-Astrin_Nuf2-GFP_GFP_timelapse_06_R3D_D3D
1425,1425,59_14,21,15198.428571428569,Expt2020_017_setIII_STLC_GM132_RO3306_mKate2-Astrin_Nuf2-GFP_GFP_timelapse_06_R3D_D3D_Z2_C0_T19.tif,6444.935646008168,5059.305,4550.761904761905,Expt2020_017_setIII_STLC_GM132_RO3306_mKate2-Astrin_Nuf2-GFP_GFP_timelapse_06_R3D_D3D_Z2_C1_T19.tif,4203.458805668016,4271.8475,1.082623171809268,2.358197103308874,0.45908934850704347,cdki,set3_timelapse_cdki_cell_4,Expt2020_017_setIII_STLC_GM132_RO3306_mKate2-Astrin_Nuf2-GFP_GFP_timelapse_06_R3D_D3D
1426,1426,59_15,26,17732.923076923078,Expt2020_017_setIII_STLC_GM132_RO3306_mKate2-Astrin_Nuf2-GFP_GFP_timelapse_06_R3D_D3D_Z2_C0_T19.tif,6444.935646008168,5059.305,4430.5,Expt2020_017_setIII_STLC_GM132_RO3306_mKate2-Astrin_Nuf2-GFP_GFP_timelapse_06_R3D_D3D_Z2_C1_T19.tif,4203.458805668016,4271.8475,1.0540129462017893,2.7514507593115236,0.38307534402888155,cdki,set3_timelapse_cdki_cell_4,Expt2020_017_setIII_STLC_GM132_RO3306_mKate2-Astrin_Nuf2-GFP_GFP_timelapse_06_R3D_D3D
1427,1427,59_16,49,14234.408163265307,Expt2020_017_setIII_STLC_GM132_RO3306_mKate2-Astrin_Nuf2-GFP_GFP_timelapse_06_R3D_D3D_Z2_C0_T19.tif,6444.935646008168,5059.305,4550.326530612245,Expt2020_017_setIII_STLC_GM132_RO3306_mKate2-Astrin_Nuf2-GFP_GFP_timelapse_06_R3D_D3D_Z2_C1_T19.tif,4203.458805668016,4271.8475,1.0825195965942396,2.2086191306008995,0.49013412117811284,cdki,set3_timelapse_cdki_cell_4,Expt2020_017_setIII_STLC_GM132_RO3306_mKate2-Astrin_Nuf2-GFP_GFP_timelapse_06_R3D_D3D
1428,1428,59_17,88,15888.613636363636,Expt2020_017_setIII_STLC_GM132_RO3306_mKate2-Astrin_Nuf2-GFP_GFP_timelapse_06_R3D_D3D_Z2_C0_T19.tif,6444.935646008168,5059.305,4508.386363636364,Expt2020_017_setIII_STLC_GM132_RO3306_mKate2-Astrin_Nuf2-GFP_GFP_timelapse_06_R3D_D3D_Z2_C1_T19.tif,4203.458805668016,4271.8475,1.072542059305346,2.465286623335742,0.43505775318494433,cdki,set3_timelapse_cdki_cell_4,Expt2020_017_setIII_STLC_GM132_RO3306_mKate2-Astrin_Nuf2-GFP_GFP_timelapse_06_R3D_D3D
1429,1429,59_18,41,16645.073170731706,Expt2020_017_setIII_STLC_GM132_RO3306_mKate2-Astrin_Nuf2-GFP_GFP_timelapse_06_R3D_D3D_Z2_C0_T19.tif,6444.935646008168,5059.305,4793.317073170731,Expt2020_017_setIII_STLC_GM132_RO3306_mKate2-Astrin_Nuf2-GFP_GFP_timelapse_06_R3D_D3D_Z2_C1_T19.tif,4203.458805668016,4271.8475,1.1403268819257466,2.582659328963393,0.44153205540408685,cdki,set3_timelapse_cdki_cell_4,Expt2020_017_setIII_STLC_GM132_RO3306_mKate2-Astrin_Nuf2-GFP_GFP_timelapse_06_R3D_D3D
1430,1430,59_19,43,15174.883720930233,Expt2020_017_setIII_STLC_GM132_RO3306_mKate2-Astrin_Nuf2-GFP_GFP_timelapse_06_R3D_D3D_Z2_C0_T19.tif,6444.935646008168,5059.305,4415.953488372093,Expt2020_017_setIII_STLC_GM132_RO3306_mKate2-Astrin_Nuf2-GFP_GFP_timelapse_06_R3D_D3D_Z2_C1_T19.tif,4203.458805668016,4271.8475,1.0505523409477797,2.3545438704774617,0.44618083108162493,cdki,set3_timelapse_cdki_cell_4,Expt2020_017_setIII_STLC_GM132_RO3306_mKate2-Astrin_Nuf2-GFP_GFP_timelapse_06_R3D_D3D
